905
36028797018963967
261755321463086
12
34049024458
829683838710566987
921897050938
274001
8191
232821688460544925
9007199254740991
543367
15701019364161556
18306992216532
927617890651390535
2714
396337361996553
144115188075855872
75
95175572
33554431
1336889996275
36261692513848454
33554432
41799
104
31
1048576
92
737071135031951089
945610794258043854
461896175972304
131070
1290
1024513359269
105236860
124
140737488355328
989405959824422199
647537333535882459
3675641298752790
208337940586989018
262142
32768
3625667337087173
10570
134217728
174658
781316137290780055
1162452767905050
57
2531752106537010
502441218080814308
777741944111636964
33554430
1048958825039519
19994971923
236
24191
67
981480977801949161
460815035926859273
804229309039645870
2097151
3652503611367418
22991062499
4094
832746297280669670
59059479194932
414
842791874554327916
95064
281474976710655
274877906943
22412960
1374371005
748800191986072403
144115188075855871
7996169201969
906686488679925058
149075850442
1560123446
52637607241008131
18014398509481984
2536
6176
34
97415
140756425348851872
5930
901145881
428605
16069318554460485
780425267056929914
12618
972
84
4503599627370494
8041128267734755
34359738368
1656074023443037
125
94
1181310019
806139206210352119
536870911
839826168935713
899055767980110067
2179735
1888219
549755813888
4927550
3997239956
94919206
85
2187371712
35184372088832
964157927119538431
9007199254740990
562949953421312
28
1708
1770885265
42
64
52952469178215
63
13144297365466313
10375301848
1046191200361
293088561444141669
15895027218542
1280132
536715315
118
16205335322886
6697428
14088705627
68
241838
5245762
122
32766
31512
102050866645552750
45589
127
193991887
97711849004036
36028797018963966
17
18014398509481983
41
746360064450870959
140771363379735
22686580
1237653
11
863353506753224514
8631458586526
288230376151711743
26
88
65536
3355901572180555
107
212326979245616446
391161727147
8202748347
55878
260364322975
677189892006279402
125628
4398046511104
21788944342294512
2031059
563
562949953421311
885
70
509480272676634
623369040214812680
74
254
645934565729283925
28796
144115188075855870
4029
862
376124086722
5355354021137640
36794568525
16777214
32663659
362283160524712
6841000751827601
209568221
435650889143
37775107983
51
641115864022091181
91
921981379
11001206
1024
26423
1099511627775
63015
47459992
255
746854478295
503320863
431226364832870700
166
4475375387
4023348
3855250
113
273445483787080
1368713567
978571474
8492931
35
486
130274824743696
252659556462233582
76083628220744647
1835178895439341
826655620089213358
9887213777
9540621927483
2141806156164
176101476
524286
832398807213455195
13076
52331607482
79
120
1118416007500752
269142
1494869
1038361
16382
183353486367764
5894351280720
600706954
9007199254740992
2050
298999259413967
46574129
8192
752594675
58
53
226949
1317181992619
268435456
576460752303423488
846211437202235100
4236258332075699
119211180383
105
114
11631721112582548
8103512409271658
2147483648
7345037406198
7385
120338078882316416
4027493692039343
117
639073192692451903
1585
137438953470
831466589853395788
985746167191492804
16610294527048161
134107396180341
16087
739453813243068519
288230376151711742
149972801021290
492622675593671901
17179869184
488
7740271
1048574
515082512150612
8796093022206
1321121
47
1432
14864
45647624012
27840632708
212071380230095
797896709018990019
8
8388607
15
11827143
32439193888173
3545030010
62096
985727548487158852
409188421198
73
536870912
197133560404928175
860494349773320242
116
290840971
67108863
268435454
180212008553544364
40530295515
533333330
3012605013034328
57160615966726403
693196196189
202
189
3153354
11837
181
24
12655055
92335034431
1000000000000000000
60920739670608087
111
1155006
328
398172821340
625609358413973717
940848205873252650
835342576246660857
9487393353407882
862110393181802494
13210707659
134217727
257620646832553333
421091
7
4129010491739
13633304274
972761211079685785
2
8388606
5
17592186044414
49
2525362742295
112492478158780
505228505199393115
81
15112845833428
61
70248195
87
6693086922
798032022537
940821761441914689
589368480
137438953472
340720865715688990
651506092
90
68719476734
13162671
6591117414729
55
20281430062364195
109270852667458510
511
1744180822086189
972429116345372803
50482
732150349479989785
486516428
655904395711070324
745090753421548520
2199023255551
2849096
37
108805
2251799813685247
6049503
399093811937866
16777215
2000070998459351
32
562949953421310
15693695100905
16384
4095
271381531639
126033250469666
131071
71
256
50
385
36017814350
78
274877906942
135805454239
907346332997507
7030499
1537066240053
412579
4194302
83703402125727421
449
2199023255552
8589934591
935686676593
4398046511102
2097150
251470027193245802
549755813887
979
189057086265
615713674599774596
137438953471
576606716941126627
92519505
20419075480046
950010174565068285
36028797018963968
696863851694834390
860055535063234034
41587898
2147483646
32877954061502
3849024129
35184372088831
2908120986968
665165861579777324
36
233199844076033
463
67108862
126502134168
127779
13005
819556737777670797
684157709700790776
7307134451
1296324846851797
108
637165757922819772
661489129144826990
8632893416789865
4503599627370495
10493583
225245748313
621266
46354013904972167
8433146675217301
70934
1073741822
72
7109725071
70368744177664
121
119
4437787
801837333530156463
528470005579234225
114207852
146425
689464867637522225
500699
588923480312408718
7570580005421043
33545921293461109
1125899906842622
101292828332
21
235617177
23
55392759
4194303
32972163709789237
460031883008577478
727774085631705715
13607828576358642
488
5406
1028145
5630066
179
109884013
22153971374
2199023255550
281474976710656
11789249399
538136619
17592186044415
131161948406
524287
56
97
1821030986349664
1760
826253
108045317125512
697677964884326912
772681016683076300
13
2047
54819481
66
2147483647
59363
119180977213497144
626324260195291880
6353
7015563
485612049
4542
200599490
55375714868434
17861085070478
48848395423351770
5076048235117685
2452461
438378925
17179869182
193
48212524757
12344888
42595976687
253054373876708
9108075153005
2251799813685248
125857533
961818235646990350
445034
546583463934
297104450659259
52094
43
2251799813685246
89466100907
507
18014398509481982
228
536870910
300510
21552022700752
16777216
134217726
1260430091097
111632163397210
9
128
62387646192315486
72057594037927935
30186
4169631
576460752303423487
166347337422541
4360639389497
223577724482
67108864
858268294674252474
1073741824
29523595275
2234807363
2892774321
109
20210246204613
104301507036049
3788719881891736
1099511627774
1073741823
889809341173252311
103526
27114767298105403
1023
4294967295
889905993389711258
17179869183
634690
810103239857019638
93
617075676898611335
291589451638543
103
780633133375060
9727430628317752
8248303
112
3266033853
966691324770625
317312599565694
1515162168210
718347
4398046511103
702134937436060304
76
27
86
1
10101141921758
70368744177662
11453890837
4425
94104550
19443
8796093022207
13091263
281474976710654
6
7512476862
6338
288230376151711744
1700275174006
32767
820524498
21041972164814582
54394312
3694204001046
9379794111689
16383
20805935
61465880278169
18285596647929
23408063658315
11345
8388608
225
1499691101
3824
35907189444370574
40007269
683325441625701979
22
8666359944
14
3631424
213666
8589934592
865594534859870880
2434002106
1910
33039111887067336
48609464347
140737488355326
23640546997763102
5286413682042
6990
131072
1557585776101121
1868
235219
17887730466
62199
670
100
8190
60
807746340559077341
732294084335197535
19
29705711643887115
461603174844
1512
1125899906842623
114765646279601681
1415885
706617220
750067078320418068
52862006862444
54
648165811542980
7354520116
417540565585
115
584862092582
8152645050973213
997152091950065815
1145802637287
3091621931226
17855
102
68719476736
21489653
137492817459982389
925534174438554882
3
72057594037927934
576460752303423486
128471978198983
30
15430303327302284
34359738367
98030760979
44775090
2547
729394
144258
146487202619
1516213349446885
65535
126
661788061988675449
2097152
512
140737488355327
1072465
1244449088314422
45
48
16344155741
734
657557127464233249
18
4294967296
16
110
877984303809591480
169010576
262143
19486
23962343806
578616927336908870
34359738366
274877906944
4194304
130826
3303814599623881
277035974856
29
44
524288
4215630215377
17592186044416
884082490497306413
904024741196501351
4096
44775000003124394
940505472243476940
21607005
4503599627370496
33605576
50785915323
26602757648
1006
10
11384613
262144
252849443
758663682546694369
82
794401307770978
15372745879
2745364173
238015
3288432405369
70368744177663
1230254870504
878150709582108443
549755813886
1161085800
8796093022208
11055650216515
683370128834087185
59
199617409
61429315549207067
1726926
101
20
8589934590
105695
2011820474
61848721188491
161
27142
68719476735
3058
145844191626
767093739747461420
2439
176549464986286
1038
263840025770
1099511627776
383127012467
1048575
6590212734916
95
116795299070
98
629813950475662734
463199970
700811375429233884
240500242658
5360220766526
30749
7916
7079846016821
80
70035638341168
96
3830
694213649902214238
1990650887
22220563086
22803612
60603
824
4294967294
643417879580680676
7219826152
32768072
162927
92505730865884881
8609906639141246
106
393765886
320
33
589427131186856
69263894084667
17543875
65
57566632
72057594037927936
658785935103160100
84872082379067
83
69
99
111548077
702552423687628440
942121409099633
40
35184372088830
268435455
62
182167438991685471
38
13923759442780
535631
12907
12438537776503236
159968
66888674713221
822776784801845786
1848
753
4019796978
2048
2515231
784723523240523681
25
440556
155382061
402180
781335687479311416
52808352078976399
89
589244
205027394
542620998413287095
15415419
686682550796903675
8351925676220
1125899906842624
123
2531811051188
4
510
39
65534
3210
29134131882981
2124414505
101642051643
821000630142114635
642440848640733115
644589663906107102
653948909518051614
8325531250
1327365592195
318901669
2308799
186463973196827814
117527
8360164811
63511661515374
786822079250
976971141802
1022
4373175313960
52
2046
77
13133
29218769
46
