307
2807
127
8724
121
453
120
66
8050
8955
9135
434
61
9010
60
117
126
29
36
113
75
49
34
9383
9920
9562
74
9968
47
9212
153
8386
8873
1
8907
118
26
6644
1735
1092
122
8518
8805
728
11
9626
8516
114
23
15
54
8267
469
70
4096
511
18
8706
3382
244
24
19
52
7420
9594
37
885
69
203
2718
9419
97
1024
111
5283
1022
2046
128
9329
2
99
128
256
9523
309
124
103
244
108
429
8643
8717
8245
9965
43
40
8335
92
5011
8994
6034
9582
9380
8660
8911
254
10000
57
10
89
8190
8247
94
9059
106
125
7
1342
12
83
8436
8930
512
9254
9297
9788
44
329
3
8191
9991
72
669
9627
8592
8719
9811
71
102
3716
425
1472
9697
1173
9232
8814
8231
105
96
6
8658
8870
8296
38
8474
101
87
8598
927
5718
116
77
4
32
8575
9291
9687
22
949
17
8344
55
457
9203
98
8618
9694
2028
109
48
176
9231
65
8197
257
110
4094
9107
86
9583
9492
85
2048
8590
30
28
64
68
9743
225
3107
53
936
3344
50
8612
9795
2047
6913
82
3273
1745
9507
62
255
119
31
115
8640
3806
73
95
35
160
585
9793
20
8695
1306
27
8452
9266
510
76
51
9075
63
761
25
9051
9500
765
5
112
45
33
8306
8
190
213
104
39
9360
78
8192
90
107
9494
9125
123
8843
88
459
9596
42
1023
9110
81
79
56
80
59
5269
46
850
9294
2996
8600
58
8324
4339
9965
13
9037
1530
16
93
67
8374
9270
8689
8898
100
8724
21
9
14
8438
9675
41
4095
9525
1491
9093
91
84
2076
9617
