147
24 3 6
9 8
13 8
17 8
24 2 22
9 8
13 8
24 1 10
9 8
24 3 22
9 8
13 8
3 10
957865137 78 251432403
354171503 462963152
117220689 384130923
199822379 178896954
349986940 236035659
63519945 618372364
366748638 432074447
820154026 64938384
546499733 345617177
639843873 12283787
186249636 197171041
735648630 27976618
221287293 321611308
332927600 285127597
260155643 261825403
265548830 480067724
29449159 874075812
545576149 406904266
139235153 262236857
54140445 673247717
278208351 171341095
190738032 36917208
251754207 620730033
153349278 150262641
65754954 334753618
533258704 82012751
141842800 550442793
792710482 160315553
527003353 276210539
844079436 15647588
452969559 190032623
219604070 273094381
214445788 406902461
256083150 38226008
306290729 381060177
800573316 66860172
258282928 678082733
394766769 377194507
636946850 305289162
52549660 153390043
273814568 147651051
14598322 776739055
609138134 155201333
216786531 112044359
270706046 568678200
637049781 75316519
165159305 223272753
643805651 92065426
563286437 295724925
211686188 24665919
809051260 53555362
15620235 589869003
394109104 341576168
248009737 696998652
539425050 188984883
378020520 227747154
777441217 70611887
125796422 132241085
258318209 579353579
526017236 64363102
648692833 292304595
157163374 202458880
48083973 258177218
454684284 734376
225734927 728475174
476316170 443850976
599559842 158062853
519726840 45691424
590344982 301840498
861804363 39439194
514253385 375716084
506684809 359722868
129346177 711026626
375834545 552894306
343889604 227535216
64607385 212491658
26025561 359851021
392443492 307845467
264768132 260214898
24 3 17
9 8
13 8
3 10
1000000000 100 575707875
213099262 545962302
339424780 467265364
272174634 370521399
582566186 416154291
74250922 427665633
135846117 687944861
404987670 168889153
908798477 44968329
253033943 285680553
261379266 502101642
177874865 752867577
214698929 114398835
588471263 68241430
402159608 249021433
429621560 158325161
505492996 329394176
510189293 292704398
682467556 26499078
454615675 443771857
348740136 214462666
353812855 604080216
99912414 108272375
513389563 364540160
258785982 186225081
122849361 628642522
660323531 258373267
161504708 502994989
326575108 551132788
30860956 163079519
878990807 46915984
427671185 388588920
339077294 216290626
752113061 183818101
2694110 417121161
630021991 355738727
644932354 258895083
420589751 303050657
322678782 218699170
117786494 799354088
808419509 171817629
168882246 634074981
580334300 140158197
36241837 22678734
37013096 181825435
340344209 514650459
39359023 875757507
321275239 326030292
101556494 517078753
61832354 761533939
42591210 850147086
713957243 112329158
330420142 536890392
142871866 464006622
676395928 310319298
427006670 401972955
214708202 644314604
692271856 219090457
43166159 690144509
562572394 134100351
228783140 172125569
354936775 549599329
745811424 188041850
119461319 620290140
728606265 150398873
672171358 255638236
25830779 166038453
5309188 511214939
668926541 231704352
706505137 21084634
87505350 851902991
448115951 141417406
631114897 62824259
184131064 222780941
704667537 148364604
171505544 193846446
926774100 61770852
411334348 332817830
554673855 75016582
265518810 531938603
75946246 516186561
293593950 235454722
492561623 379773774
618049302 2848758
136610438 847662557
327636083 473112934
365898230 160863851
361326623 275697326
274546554 510484663
233771979 51006261
83795742 106274225
108905194 157769990
593188339 147727794
511310380 104725946
85416836 435468712
50919291 605488138
494519890 72741952
413379914 92108643
165341381 101320457
137672222 585806450
771239049 199431974
24 3 2
9 8
13 8
3 10
24 2 21
9 8
13 8
24 3 3
9 8
13 8
17 8
482561121 84 45324423
176930492 138859466
88408495 287341276
94791218 344514537
75677699 391919114
112992441 94336708
100706041 352955934
318029739 27907992
37627035 17268689
398925765 74789449
304790401 17210206
236998046 201922068
11699579 125250235
138063223 171346290
119740869 333542992
53141966 63970849
298912879 113618025
70225553 271789799
27711614 169309662
153523231 258536961
187341849 271444397
376382178 73752360
51436928 40728670
159508218 1736609
308535508 167311775
95362008 38514960
247960372 104582676
71652038 200371387
299651336 72320060
154411688 16605378
181393638 96888570
216030957 159062360
469795905 8427634
84130081 177004056
261938604 4341516
95072566 61241896
93396887 97386287
234711080 203552261
76277694 242414210
121046015 55632650
15211411 383484848
41765078 364189826
88799048 87403377
19495624 241929702
343828042 85284872
28466343 224717559
150759589 298041299
143003061 282909697
667937 20370150
288899401 109806182
275808450 55476617
199667232 263952629
152337282 119097989
83970062 62449430
34925195 262815361
116224778 248422582
65970571 314456030
239041161 64114996
118322149 261274009
195692413 137182174
205144662 60359521
16488734 353177419
25325473 250072912
30365235 393825753
112770956 316789240
87999379 332569471
32570040 212799818
54634071 423953888
202816544 122380899
139224794 282643912
2630333 348653528
38994298 107955807
12674839 144326773
12316611 288255790
260379331 102124843
135245161 10642845
371674155 42111425
47188647 322679352
123331585 53904791
237134063 128379010
279033675 155500517
15887109 17884434
193074524 262373598
36389765 434843093
6669517 4778379
24 3 9
9 8
13 8
17 8
24 1 24
9 8
1000000000 100 768270921
136889498 763321544
23385878 756511070
803519114 145546932
338931095 113870880
10311975 811259791
87840221 205342422
28326801 952359443
104893269 201776487
188049247 733400706
687068001 223433755
407876754 426693022
364638897 8527427
379544377 74163935
107534565 469454065
730489928 188507541
329629838 472866019
188430686 397094019
502114229 330512730
319722084 591716551
483302302 103544625
203374702 101541126
584062474 73007934
49533532 786428535
39837376 459396902
131365428 480427286
632687772 205541582
455480277 274071122
725071316 181294449
123912066 821973460
284247777 559122531
570572057 99402409
390336602 55753587
402483895 79253814
469416171 508755947
118086633 635741604
730022105 26397522
540410894 430942798
179511039 624569581
453008319 214171611
7664280 729543122
458298246 329857441
27255310 41742724
480669934 185714666
20248017 36345226
186808054 647982805
203428176 314339829
96449233 702444059
43384186 527563464
400924325 513920347
207657960 495329503
449968545 199607643
349809285 156362316
67129663 246542838
153002496 349368868
135842136 212764458
345049093 353392720
354606455 632342742
362849230 359944359
303057232 428496774
531851130 328667345
104517866 184774168
720628003 192160673
75484369 92872749
41476294 225008690
426949087 268404718
479940777 457337118
191324827 280040975
104760959 165292102
589178258 348785654
73482047 809202513
54465356 724316328
590178312 278141660
531102336 84978145
76825046 517405440
221256543 320777612
94346740 753667708
333771517 163316093
100375245 758712962
248921293 326913874
276663446 381609739
80956134 679302635
435932693 275751408
383066710 186796537
120972879 854556537
463530120 368627010
658768113 161378965
442524509 318711184
166226111 210296386
678976559 24690228
718412284 122732657
334523675 542411865
80012334 743302311
205719464 534795291
589939779 147031364
199281024 343539355
310718812 39451719
5877285 778018830
158254964 380890334
579511603 96033575
218241046 530626339
24 1 1
9 8
24 3 13
9 8
13 8
17 8
24 1 16
9 8
24 1 11
9 8
24 3 18
9 8
13 8
3 10
1000000000 100 175539017
194790778 371895107
717359986 263989704
607582214 246991855
167616343 253707255
545020680 126460183
81211295 652997050
206074048 620144875
200412229 379724116
48089847 464823831
214526073 765905971
70984359 922680458
754482684 182777585
274897758 125940101
84785164 758002697
460563936 509155614
91508887 883168137
514774380 409619533
520016028 38994338
423981912 269381077
259761230 240420242
588338090 230212042
693822078 108321403
759806698 49054029
203776850 742517816
781619483 3090119
190876878 45792053
768518486 43858801
345750490 258515895
20029758 793678885
58444637 563227151
625781177 92279317
6604026 549752430
438519387 96081496
78116540 5526324
8998786 395438978
494752236 278797264
197930129 175801115
47596814 331552451
49808731 396488761
471784028 427343413
230861427 523165469
591579078 151798895
102391288 266942856
15301064 784009454
101316137 608090005
591563834 228728071
214676848 10391644
333401480 269328426
395416116 463464767
237060407 693596901
66181904 231923455
673763488 254095812
781456080 49710221
823006350 36582773
636157876 164937068
475589295 332885573
904800759 16277004
312548272 142252461
313990366 357209631
602307818 184405725
337981398 172671907
187134690 740057917
440624362 512877459
159838010 650675703
236333018 504477870
25335855 411185439
447894238 473997407
175346245 769911398
983764932 3348245
287960853 468884156
193487030 82050238
295024424 658382026
478275350 184820988
251294324 301085262
21083130 819496991
620231722 320121349
350573544 215756347
97620095 491221205
474388592 380935733
350599906 74666717
57420506 612060482
107801717 232444819
155677276 154259921
112856352 95381747
343468797 94691451
427761619 268128251
172335400 711337081
434204542 236622100
463541240 231472635
180927277 803519003
676276231 263671972
446743809 236095314
118635217 376183902
262343983 61855682
67153394 703766786
818259619 143098650
454412104 479216675
499809588 353472860
408725039 478312961
146071693 642307039
24 1 6
9 8
24 1 22
9 8
1000000000 1 1
1 1000000000
24 2 2
9 8
13 8
24 3 7
9 8
13 8
3 10
24 3 22
9 8
13 8
17 8
938912178 35 270124249
44034381 402674087
20564706 85908626
245221072 265679902
136908906 608202004
20143680 594934438
337172124 547000909
241327803 53459991
29401244 789702247
234709284 228312788
250929244 275555001
399215554 434356059
63236941 141202224
50187874 666447495
96104137 358964080
88454663 468510728
589387366 12746123
874867069 4708342
494053896 424772324
403778453 52623267
123953810 434739590
472659041 465428657
248324412 552987355
352268681 45189157
346984359 563933868
139182634 574554550
444212421 267697487
15495553 915590031
245550094 587276711
261929358 151421650
401033333 415691956
512286026 313303451
56686978 36970808
814467441 42678123
158600966 774872948
501687565 285555557
1000000000 100 73595939
663528641 24269370
281811191 318082462
252324724 516227890
186737618 573908097
274039339 638944462
90014457 534153929
380245386 408480754
89659229 298156405
427521812 50897907
150368216 264467435
740859356 173282724
348551477 625201339
391458631 134737149
120864492 536621543
436735797 438730230
446665126 388924975
543949435 215510269
449374228 254295667
83380103 825763605
110486979 369153048
386218674 112664893
738949254 134522666
445845961 101122734
219155203 264021171
386866750 213118115
538766538 125656437
220674854 418608888
850411904 78628081
624475398 110487978
60142313 566352268
225187652 646514336
660620993 74866546
251438227 534479230
566352303 332307682
187013053 19171825
209509399 693880603
254775759 344838175
547820754 209823044
487819536 192677031
320717081 376526627
16487654 487464130
187598338 198966131
391368274 429888825
271339833 357169409
255745565 198078513
566836157 198756953
240192123 341470504
675588562 240407019
666152405 256271249
644216691 340968048
468271040 443209208
426449953 268211172
222569210 93573078
511163821 167564601
11979868 349528359
231206616 555915626
432871220 214156373
320440530 373321720
510669203 171606541
743925724 201619528
228819550 85173430
361483162 635244203
113301938 880671670
69211874 200864887
436252473 418987840
126284045 436147914
308665009 597709558
172133854 129481895
215694600 675067228
397523161 150220569
152058072 190280754
210786903 628857733
459362296 285331256
454010455 447587609
247435354 703244459
139703087 469355714
287627038 490214529
320829 671760813
669504060 242231831
748308804 97018654
292478907 459443785
668499295 192224961
495463534 482857954
444672400 283418019
634235609 150056861
408001991 526291867
397795059 52855624
34481312 816997440
31491329 558007640
290735196 581933909
648046853 78786243
216253909 569307782
352520608 189969421
39285763 515435752
40751179 210228481
494816017 16261053
757373560 175509162
30134387 630659338
95748566 42404010
931156650 56934141
24 3 2
9 8
13 8
17 8
24 3 12
9 8
13 8
3 10
24 3 14
9 8
13 8
3 10
1000000000 100 922987257
451410909 51772064
542566553 356850846
525309594 15378289
726830777 55919173
305564084 498115355
134208044 403175950
227403848 687985466
267175512 312677266
43316419 437876678
107550631 692541602
529351940 92837692
9687986 346895384
247736681 335673638
155238263 734379985
690761165 172412773
419108539 441956840
237548914 310647045
377173647 23987129
68914031 722877022
335144166 576917167
9924571 654329431
174556138 203067348
737985042 93695096
722560879 169188629
625117799 107163931
709307523 68970065
523008919 371776602
278307611 330999213
139598193 176787218
83047641 890698091
109323052 321073847
289617168 19483651
11154272 152831745
304403071 85398066
403020724 6594759
858588110 82212609
817119193 114139010
168185903 71411224
678678375 13845576
607371842 221493724
214496707 276925098
321134213 310088606
361296224 55492372
365384008 289571609
751727253 49946376
473621122 260006909
323249048 322647995
166652663 775537608
160551467 116174928
94436370 325941537
265615805 595563432
138311530 772731590
314411439 127664793
50618279 423123955
219420887 37091448
6105162 363529899
192765170 228093231
34777480 227844993
12121270 528709657
185550505 740199318
415402164 280863581
704362538 171349896
4225152 520013822
917046625 68083070
10993501 503635047
271655648 185011719
777492585 136852056
12504183 784875760
233733799 741054008
401563020 290328667
495214231 357111052
163507422 240803539
444109355 308319769
704298777 209167712
324228308 363346475
284402115 347840897
884310512 18456717
113393311 301756555
533035485 73836468
253024590 468708284
535914531 214417129
54337589 11509397
118281709 756871418
9620385 658924949
224062358 133619397
337165880 212306711
355102723 15509485
447249401 12926802
737524560 239799844
238898163 441730839
306979926 382073496
112155748 843735319
940784572 31705298
372018796 557715849
174763697 113251543
276421418 325235922
527465480 75956984
85739874 414706638
243807092 216096103
786817845 90343854
24 2 14
9 8
13 8
24 3 21
9 8
13 8
17 8
24 1 12
9 8
24 3 1
9 8
13 8
3 10
24 1 8
9 8
31580464 55 11715311
5313454 17828011
12854806 16042084
5083572 17015429
11532657 10130242
26308728 197140
18955108 11260264
6565964 19688074
5740258 16951254
9544921 2693645
10195347 9318739
26173903 1181298
439801 26474652
11969631 10015802
8675549 19044145
26708695 3356085
10851216 11380678
9260872 2488052
4858763 8620354
10922895 16428508
6471197 475608
1849840 16966708
25160615 1866750
5462217 4383582
13032296 17517832
21613970 9259545
17876603 2768811
2433707 2138983
11203952 12304780
9689966 19925971
7885351 8073561
14537459 12187437
6011577 4523341
4755463 5978294
14812726 9048015
10214043 13414670
15173623 5751561
11841628 11721148
3776428 15351458
11478516 9110595
9112995 10009910
6144965 2400524
6509231 19310366
3676026 11055844
6414654 12374528
870020 29058938
2659966 27363093
3788457 8686872
20608690 6469629
4599057 14915815
26477979 3503330
13016354 3935639
29540280 1750770
10404052 3005868
17345769 3862098
24488474 6949573
1000000000 100 931816557
121203840 142080490
588195936 29116695
206807004 159164905
486349191 115599742
464925569 36143309
151108336 754228974
129046930 850645681
39747983 895912407
396711802 299248240
5153531 614592764
544366124 427843540
667467864 152677868
670128216 163015602
83883923 57291247
338102565 630012003
553506186 339182396
61066329 860340830
15518088 926503564
786871855 17534977
325559352 277786662
745982239 196474096
343918635 212985424
148224181 850915794
330609645 173869618
429608702 256811174
82410179 650768100
214894532 699503390
159643575 44221264
92899831 631714364
271534875 299959437
458502881 497049740
61943352 889480421
722469204 21972728
363926630 234461111
285739178 91084726
395353953 559520975
54965248 128794743
526985946 317928375
197433422 91174833
3983067 100606691
274472221 366746237
473068258 8767892
123235733 323903325
675464582 85314300
363766945 633129741
540903747 291370204
254251953 536532804
165062137 138281462
271022704 548196013
144254103 77909674
83764841 310606164
64018166 852460322
83240041 22526673
217006485 217944296
293403315 553123730
50349775 8942275
15941726 49033618
214980483 685198248
141237654 105239314
549387054 256662586
571535266 397330867
237837946 589260920
363052970 125961993
219782508 703505463
220660974 547244685
206054582 259257933
537070718 267082196
573170467 188339797
38489515 465409109
119128511 465462524
391456874 514855028
264611549 16161362
697582954 1168561
63413855 205127863
574431766 275103441
253520792 334107875
142725385 337208284
827329000 80899331
688779003 280432257
31158972 78698031
3645337 893392733
503416389 220567525
546452030 80331954
326267038 628619606
472496472 7481442
236756842 485122888
728725948 211787560
624691236 253251998
503097725 249183558
176693805 529388753
236056806 265272441
635068844 93699847
707698358 44653370
631136045 17067595
373815890 331676131
457530606 28913501
370807746 173833926
182739672 352626568
383739046 51183882
82338184 461517875
24 1 18
9 8
2 1 1
1 1
24 3 4
9 8
13 8
3 10
1000000000 100 828678137
605883281 220701304
665804697 99381794
341426020 433439072
350100531 404394838
64375148 37550226
152270564 276437444
773672596 174973095
392623366 428471083
79297072 641039924
128826882 252384123
360813386 416110505
895632664 84197570
663577726 308947724
19619372 702602958
222221797 663451468
386392282 270531116
538810943 849779
585957200 325161684
404933297 532570929
543917753 205584726
641527107 165930329
56698671 371961550
407279813 346495446
344233425 581175962
340535916 524049659
157986091 509713085
38193462 936424008
173883262 116488875
158911719 525821088
313272939 65246150
345150061 501893998
273548822 641800410
905240624 81488440
161305066 799813590
780570249 173687619
381527365 49025385
543448065 265009547
291365534 296849284
546797183 260894964
118071076 733604706
51696330 594880129
60398398 620269505
350515791 440483652
48844342 68586758
825574957 66996424
157384793 245108259
69655487 526049931
679351629 291113072
214955930 179586186
232480863 443223363
344365507 390039426
755998237 75521044
699973170 237964318
358497528 485273636
297652565 223379161
412657564 245224187
158225049 314159197
2448084 469321665
318473722 641287902
3783704 23218953
337688787 512609993
291754027 408018179
743920079 49559908
172928741 264620497
239268491 463981192
234744010 761236710
406915396 433517028
504264469 248215436
6429665 602205112
122429916 744773817
232052165 141221481
177207114 608273883
334761299 84229292
145355641 634556739
83562402 343228958
84551611 138213380
71692750 883005971
77646430 266616388
349304251 555549671
491785628 105096276
759217910 194765520
684496881 305249912
207378947 728817094
699688 511755406
541865559 401375993
78148414 878223358
281277006 171929205
194224267 447508142
658545603 68364576
136564986 596198074
298443797 527781734
256691857 523851081
80947444 639887760
86087168 618377189
284376509 53040943
346906456 379374499
136116291 549761029
34334578 697025045
217650368 389404772
736028110 133546830
24 1 3
9 8
24 3 17
9 8
13 8
17 8
24 1 15
9 8
24 1 9
9 8
1000000000 100 87345301
137563650 455613839
443078842 331699091
954876107 18699188
122182155 694021629
533370463 250931054
347012785 93476534
190091236 605758659
411147501 394391160
782383102 41202422
475275339 147116921
335488236 433515419
133047830 590526159
19605131 770602946
213819733 569717415
813476743 16731920
23139332 751496458
179595085 475776890
581090477 85172304
161636496 37920525
710885860 99075513
490469452 466114108
633806404 261232835
855875623 109464381
139317181 745987914
114008168 835153507
177294615 710461733
38916348 402408996
198725072 330488037
490364698 129385586
56071669 781446476
59676462 938475878
350257602 572246881
65284677 650725549
384533682 219000172
119802977 282053636
685640904 80151358
232240837 335281744
169628239 675996298
479022697 411464175
283996389 128902361
137268785 429754301
170928588 758915187
274679250 430552824
82985515 412994617
634967201 351687650
413249649 415469618
245700337 154437989
469056724 223796467
204388470 545822020
176050080 212340311
275561073 700607175
72420669 314024633
895052225 46617378
533903375 71579780
691135139 56697090
332287030 187016142
789618920 158607399
55666725 484204543
848901136 13842766
165134971 287628874
101698411 114198255
729681534 124383216
275215592 648634521
3614782 123489514
268713097 727584338
752541756 13938519
67058980 698383290
19319081 324813417
238027150 561820892
443270489 413285940
291737486 410696276
412666740 450095492
716354242 230939293
33708702 479073321
611207448 341497023
510773214 283933082
280946733 704155884
277470596 505505422
432918376 57032964
560400581 345526570
376447494 2224021
614063891 82499795
348031557 409403692
389182532 370782404
458472000 270180325
846968965 13835370
395238409 101913520
47648773 790760567
254464854 729311944
173691772 55424899
69118965 34312469
216263111 714471327
25302377 132500088
65367471 147603629
295260989 511080262
120593516 544431889
178398376 675127158
82040076 666698214
263211331 171622374
283791418 36229181
24 2 6
9 8
13 8
479361167 15 348720747
131435618 156801257
91934507 233581691
464056074 11201122
21863388 28492031
176955502 215952497
228437371 212774214
140335272 31702347
312017714 67761978
181999248 92550340
234280792 153451020
414182850 46472231
278160181 96814370
104915450 280003839
69576247 320558386
358584406 53640346
24 3 1
9 8
13 8
17 8
24 3 3
9 8
13 8
3 10
1 1 1
1 1
24 2 5
9 8
13 8
24 3 14
9 8
13 8
17 8
24 3 11
9 8
13 8
17 8
681298789 60 108539956
206502974 351769516
118523487 448704096
169970493 483863274
117525224 434486534
44899093 75196920
179469472 334217070
18223922 407076658
6142480 585066127
19087010 640563178
339301943 151049361
471377853 37004956
181668525 98500085
269481972 411341697
149087717 119848032
212922325 290007180
335049686 196947699
590573059 61996754
474669044 39443142
25067366 240863994
266352800 311540875
310909816 56403299
17673316 629088614
297868479 194991107
221069264 444807081
299066427 272109198
268504736 54479659
357689870 151721247
56293178 409398433
98985842 424062583
607951199 66217858
50494151 608374530
556157418 42416003
454428243 282653
295872747 81611709
4890259 80044820
546111851 37098496
39418254 177718964
4449042 31080909
116972769 331517498
510842911 39344424
166975101 154102468
265560541 26758554
305105930 205424451
36296291 414658384
303222386 144927315
465815583 66443629
291585398 92804568
149483691 340738815
364887188 145399243
34370819 100410900
148384243 415776420
376336408 290658102
259941539 407808427
536196100 106891656
81277839 233562839
168233355 471036711
402247690 31571428
9406086 342818567
284142294 291608175
112416783 13796390
24 3 16
9 8
13 8
3 10
24 2 1
9 8
13 8
24 3 13
9 8
13 8
3 10
24 2 12
9 8
13 8
24 2 20
9 8
13 8
1000000000 100 499999900
2 999999998
2 999999998
2 999999998
2 999999998
2 999999998
2 999999998
2 999999998
2 999999998
2 999999998
2 999999998
2 999999998
2 999999998
2 999999998
2 999999998
2 999999998
2 999999998
2 999999998
2 999999998
2 999999998
2 999999998
2 999999998
2 999999998
2 999999998
2 999999998
2 999999998
2 999999998
2 999999998
2 999999998
2 999999998
2 999999998
2 999999998
2 999999998
2 999999998
2 999999998
2 999999998
2 999999998
2 999999998
2 999999998
2 999999998
2 999999998
2 999999998
2 999999998
2 999999998
2 999999998
2 999999998
2 999999998
2 999999998
2 999999998
2 999999998
2 999999998
2 999999998
2 999999998
2 999999998
2 999999998
2 999999998
2 999999998
2 999999998
2 999999998
2 999999998
2 999999998
2 999999998
2 999999998
2 999999998
2 999999998
2 999999998
2 999999998
2 999999998
2 999999998
2 999999998
2 999999998
2 999999998
2 999999998
2 999999998
2 999999998
2 999999998
2 999999998
2 999999998
2 999999998
2 999999998
2 999999998
2 999999998
2 999999998
2 999999998
2 999999998
2 999999998
2 999999998
2 999999998
2 999999998
2 999999998
2 999999998
2 999999998
2 999999998
2 999999998
2 999999998
2 999999998
2 999999998
2 999999998
2 999999998
2 999999998
2 999999998
24 1 14
9 8
24 3 12
9 8
13 8
17 8
24 2 9
9 8
13 8
24 2 18
9 8
13 8
1000000000 100 820250022
428877109 488751169
58435601 368111585
220943390 578939186
60274796 836228426
465642847 514436989
231136738 266591949
561156418 75378857
433254469 374324497
388415787 606461356
499574285 284691820
146678055 84010454
238973763 495371852
80539206 304605110
569000216 255069258
712076865 193377710
277364479 387534301
189409595 768273175
701618228 249304846
366501458 193692975
22989546 545883568
117091635 876557800
324205444 119348386
355903098 446767014
50728415 825787372
595367058 297488429
136153435 388489206
94047394 141891342
184136489 613958569
43590211 694423333
554157743 267665513
79031660 822999177
663146505 58002582
102482361 507969504
409630429 500358599
37295766 871307008
518873174 153809847
54730414 40607671
141828061 187754479
4209432 601558765
199355296 53567722
176144564 584459180
86312920 495935568
182616239 201766603
301674024 63114874
631879793 230367331
202500406 98367260
206436982 212470329
20787270 647435692
567567972 384073366
184404568 509443596
249024141 732979729
113749795 758003736
159964809 684563892
269663287 385850062
164490894 271901159
175610045 511283633
108891714 109669452
121420286 669972759
255958219 471013591
734760357 177044886
25542602 325468813
411731963 216321324
440935860 351905889
58097521 580661576
444559833 236624804
214734047 377786124
25553594 183923168
134781106 533292631
58710578 92478870
19540973 96094463
631733497 336086493
73076530 465499791
511373789 210668904
745082600 180815646
114463298 816951797
275188482 586778918
149940155 538114819
690630891 189787781
834335767 123527565
445494518 33053372
435893628 250477572
660365690 175547851
538748903 187541169
250862425 674984933
214129638 698027166
903878137 58505920
387141221 371812517
15506695 468002578
37783707 470326878
6985366 874068624
262345191 704385728
153171172 565575925
322315486 322786649
259785841 302453251
358377745 283442747
13244024 566133861
548026403 439297327
341026238 545780431
436579669 316617518
119447391 344596124
24 3 4
9 8
13 8
17 8
24 2 7
9 8
13 8
24 3 21
9 8
13 8
3 10
812274187 41 698436422
122801531 304373659
349939368 34456790
345329376 64585464
6539837 591428112
321659907 432225887
544780518 71691661
150248265 335145759
501589321 187208143
443750094 140238623
25920211 153939952
76658969 618652712
193155217 554138536
171644683 431013622
125151206 261402100
101355857 257058095
399783192 240359096
197803033 527058988
183870140 50722730
155342899 306192633
304363385 473640365
103592761 62214435
234091078 555442240
114404427 141148192
40276622 726265992
12820785 555524475
239998241 398798841
67389148 316919639
42735422 585554369
509845847 50289595
534033548 27384276
124202348 252555892
330430647 61048950
262710655 355816791
3338126 501778365
55393189 369336577
630445498 58366067
302532665 486643042
660055181 42442283
314422824 302440072
421188581 129331771
184565804 16095362
725683453 36 62715298
584422274 132100792
18120173 621185497
443042616 238816099
166062669 394814733
290016283 229268821
257463093 178955128
497837837 212289674
466475268 31126680
427477935 183722350
27248873 488834124
628158437 70798850
415916191 3152784
410301581 267859843
397257273 250472640
413548431 251958080
432579454 237721397
393561660 7348209
268739981 71190955
164802475 44812918
160933017 522944975
295159340 340447769
341945526 380939515
248573713 181864048
194310022 114004596
207824251 30516856
202068909 77194949
18362087 667850428
247644407 339231343
35727901 572866375
428760358 18652747
639636432 71324327
441611192 160744527
67016379 439802416
78676474 3593838
342274832 205312203
256052172 105547351
452975247 52 416542010
252372496 175823429
390336975 14611881
310002094 123302820
239289291 61754056
107644598 240403419
101933829 8134438
189246599 145090373
155740138 189146612
128692722 262928978
131170901 75530691
159308845 44305150
355456750 72202262
19204375 384669876
411960208 39033489
184545823 251541151
124937075 231028848
29995396 184159871
77693670 129107102
52786021 351782151
76603859 132205138
298701929 117680816
8264253 200848834
76490212 322599355
299273602 44602446
133569657 292784197
147615391 28438866
113895199 29025361
105851878 17940969
63561691 216039801
30760018 34481445
54000414 106563336
15492410 420102601
166355128 151748259
92983200 158584615
35750137 17437812
379264271 62391456
73440770 86879511
2028806 87084185
30371401 103486104
83859617 357268012
22592947 79622766
7841129 148953354
15557156 158020330
56355848 270762210
167509034 109852049
3216590 262697558
199398833 126952799
176837035 41328619
96668629 72610472
331855095 14293188
67244544 122038024
164670620 118896766
2 1 2
1 2
2 1 1
2 1
1000000000 100 756974033
650537667 254702028
512759194 196924917
7696362 13535681
340815736 52571746
746149273 70068690
9025830 515095970
661685898 171587056
538939473 314286191
266583068 654222227
440792712 313149729
128507086 30060997
102357263 602108965
32794362 591575510
149758876 697258635
415362600 16902706
759364724 191291066
717699957 277320335
186023416 517196696
62778905 502783410
290310690 68688665
623840541 208254290
39994845 318478150
2856311 250638347
409049638 142004584
159643945 112737849
399235988 471659237
129105154 160473218
275079742 56549772
150394347 47374882
570791432 388367778
948943026 9260402
286248553 296711431
691885545 165295825
46886374 356547808
592155806 239627157
421011578 245247807
544729227 275705295
788390712 76361909
464630597 25509080
173782763 536503950
48359336 61929920
438762568 414615668
398418348 299069442
453438147 42936942
574758513 379032669
384225491 94921859
623213964 29536527
765011201 23945787
332937497 392689294
752743104 71494825
532440875 139982790
34121117 806142643
19864565 659278757
311935335 137287622
178988988 57707300
189733464 733833541
421673793 17537045
560384446 101790657
263316004 476076044
552951034 263638090
46617026 545741904
116495330 445386070
489542444 375323792
266689405 599063119
62637139 678548799
620108559 139200309
77408984 381696126
199073628 417793564
571482311 314454220
495971955 76048789
348789840 467637507
162805726 496536150
332598093 295214383
334017256 353670294
231195659 351132995
617341248 80080499
225623437 575875856
120041670 509578879
498666460 292033396
532142300 155210387
72951675 464967991
15051043 331386917
267421016 482518930
97342261 342315442
263979472 606311601
365366989 160021247
510689575 453096180
291600275 608940529
619008614 142661828
360915924 278717855
48931856 255787403
569368107 317741344
601180008 268799545
60293539 224583887
54817001 106733897
311063615 160365748
111685658 840996445
476925380 238442698
169830252 628909913
152442182 455913812
864131465 10 568289248
132615511 406348013
167618251 301246011
305296765 317517284
473708364 353853611
257735793 465295454
89898369 643418480
658877605 80585070
67561765 400387178
155172465 23407668
99914246 630833325
1000000000 100 881357675
458154658 48936158
710881178 218957224
235715942 316208651
124577494 265138645
166658780 577906533
419259332 271203402
609242242 316347386
168881703 206517290
632964451 216787821
307231016 420056854
313878120 594171793
669537293 188101052
282278416 516182566
32066524 873941157
238590961 350512095
116025663 692376721
259604241 75730597
768662754 90487303
355305167 417047325
85348101 49395731
41591608 831102607
112350902 441362946
258211207 53952847
809095077 60647504
316119334 125686537
148300446 763355786
348468689 266570746
312405657 361617573
49364204 482386646
289824288 560749259
234636581 594474431
829969092 154181835
815817077 83461001
217091837 79210208
381554674 8126246
185464150 153265466
30426635 740222235
28862447 520854954
207547527 397528322
274548341 429817309
229547406 49550717
125384555 386180834
115776038 586295817
765433835 38551441
662506167 52611893
381600151 389328912
133867678 841811284
599528995 89550912
504686176 23402380
510737870 73147562
963399580 14464405
597920891 37427023
183163110 662141803
345731684 258654856
602633751 204081953
804885931 186344466
734718526 98244288
249949171 697484058
209865805 476766988
486819891 445438688
30319200 276865930
496321536 139333842
479307287 162048042
781109217 176874876
283955771 516977759
499590230 81734500
670369488 290935327
27005382 635184583
103358952 791225677
420908532 167311008
573253121 403333544
139575360 460305705
104344590 576860751
52302708 669004019
677311262 90007280
220702656 181475233
54993543 140751614
364552787 42726898
276749236 463471021
29658088 686499829
178873137 753565739
731417927 197419749
822126771 157356150
618478720 206635623
715533482 262320096
160363290 491755860
53323147 252436745
643616679 24387746
6093173 305216291
211786299 87627320
599038440 323882272
841464844 26824729
554697442 127654040
249905700 664298666
634011918 62185197
402475953 421318119
81010395 454526800
151985680 117651029
801141181 87867932
240889190 654171371
24 3 15
9 8
13 8
3 10
24 3 10
9 8
13 8
3 10
24 3 15
9 8
13 8
17 8
24 2 17
9 8
13 8
24 1 20
9 8
24 1 2
9 8
24 1 4
9 8
2 1 1
1 2
24 1 13
9 8
24 2 15
9 8
13 8
24 3 10
9 8
13 8
17 8
878038989 34 610638971
97157562 323919230
57158926 251467366
507067928 136942831
533044390 297512604
217339365 401592853
686220440 178213130
402875912 167582054
74830528 288408970
640681341 47897880
152295343 58651250
372355530 290616955
181789619 531656402
144289026 655139007
76020525 113648058
404971460 236195714
106971889 196608264
315721955 28708973
31321883 333971172
708719909 14404195
58410893 19365751
124569388 579221542
31395459 634528405
294104685 474800970
296949681 392287647
34880306 289373369
172980680 270729145
699358195 108845103
191718242 139407391
80629621 479129138
373796888 342255886
122054703 674902817
86700642 57866680
95781052 349997283
631517537 59312168
1000000000 1 1000000000
1 1000000000
1000000000 100 916363612
443648994 370544784
393773366 314125948
758808883 10928104
28813040 543169974
87557206 302711518
596212931 96149517
253725330 200751214
609025415 85633363
121112904 828953283
142171470 772436754
9318780 415213005
171206066 144010189
251426291 21079807
484902948 48040006
315290667 61139823
71130256 86671656
291678095 26665861
807724454 69874994
111136878 766799906
2159851 289783691
531477131 241511171
149467548 535015911
425844645 317225400
456865360 503775874
552266583 111791244
750902737 22503847
408581052 132669796
57679133 212159401
235893207 433098242
208281764 422027336
496058238 29123069
706581368 273869814
492913461 390409920
15330216 801458873
777770426 24537930
729284960 10330233
153895167 843977812
192233229 507776716
54879686 731632755
237487705 175795010
633222308 226199422
227234088 4312264
497473290 142030002
205605135 739524882
83899719 423495836
52665014 171784240
630468628 155254357
347649069 436972051
68539251 930745968
286974831 190708571
21271839 390126893
607335975 160323999
112512912 375040364
415305124 546948186
31140806 384083903
247955169 702112942
413879749 3588845
441766827 336663952
549375510 194440026
835706702 74001046
373223726 586337912
190878240 473220434
880329999 66015246
227149946 536386346
177739280 702254857
176764218 364098147
99519994 682722429
311387380 592411570
420207763 204330055
345321843 621065458
126000771 761537849
186905594 234844417
171023974 600050910
98991227 575006758
707529496 176778537
297897077 500700733
376720277 50260508
24532127 944016290
825847532 77669692
287805123 40754489
107834581 609683567
347709211 37877127
198839588 41779782
504940549 123656387
42005221 249701404
337295981 171202641
657112043 160480855
666103732 130442668
70151968 824490354
357357037 12970415
56816794 844651192
246296062 178105129
145451608 680172242
335765028 624262686
189336170 160760788
714169758 60870739
116915585 143200121
612182059 182243913
32873597 620122133
292712717 362166553
1000000000 100 523446550
789978528 4516471
836914068 122491064
304626183 213805413
231628698 151312117
871262017 48053528
87955134 885281390
215792209 25572081
286114417 672893756
323664648 130288130
213379909 486836209
513180653 27680640
74167362 894097243
246474782 161229861
354238870 143590234
725170525 30886555
88389010 886767862
269447868 707554246
171760691 661407071
150886739 457704659
601722072 19292173
264419502 519262459
13271442 784581990
203316802 616299911
568092269 228119081
516771911 315529484
416155217 95811931
11996459 314077044
134839349 693074235
405659692 92068467
83185487 414187640
74104087 193100323
56172061 266008031
184358951 760133598
401518611 232131425
69903842 646408857
688387091 87206616
34481748 327257764
38271361 712749188
67048285 843979662
495836789 501498203
41016469 5752387
866998495 27933529
145299640 452644458
283178084 147833391
101250202 413345781
553232684 258408181
59144042 123640662
238202506 35068199
125768698 2342957
277396512 172252113
328020983 78995145
334208493 354656165
292088602 433912482
181393522 408720069
206387327 627013920
257764482 342172360
138250460 340140825
702712338 284113485
68349414 507030063
373345979 16753346
152495774 498220400
497042610 363131378
271199624 702952535
567311210 175203436
519947885 384271147
749057751 25285594
260269229 185848031
346259453 456832565
288412513 284118352
772749348 134162365
19453519 941749740
803303474 184613325
613359184 36269496
366477554 305172346
290170431 548271352
103640519 160265271
761993466 70482438
734241552 48671279
38434978 286309755
412123493 583038074
640179460 295957436
123555487 260837927
321442137 192358949
729564318 124001329
491777260 34158367
560731471 135022587
456857386 51449146
96211934 555078975
519215193 23531471
38719115 900476308
851733270 111452344
31163170 589196652
12865036 509649110
404294367 576653747
47390807 427851208
165642167 130439434
75673834 236621361
132705125 604220671
66966568 236670662
92137663 903105035
24 3 9
9 8
13 8
3 10
24 3 16
9 8
13 8
17 8
24 3 24
9 8
13 8
17 8
24 1 5
9 8
24 3 7
9 8
13 8
17 8
24 3 23
9 8
13 8
3 10
24 2 19
9 8
13 8
24 3 5
9 8
13 8
3 10
24 1 23
9 8
24 3 19
9 8
13 8
3 10
70716476 34 60875815
68771177 550684
48108758 7835764
25148655 3327609
24047488 13188096
14471213 30086105
28574595 8087823
9360823 2426216
25702449 6286777
27274688 38165116
20123542 6464754
26511640 40538696
52797166 17031613
294722 36839968
17503762 49946795
48023886 5938522
38300883 28415252
19218008 48850286
21059545 39201823
40247805 8616937
11119197 20148395
24401663 37611483
9756447 28634039
36843134 4816450
62595618 654937
10718470 51408896
35213232 875475
30504027 30882260
9030176 58053880
29191135 27221026
1761811 26774013
36127298 7236685
9589328 40489754
20431683 17482129
19011253 42939484
24 2 11
9 8
13 8
24 2 3
9 8
13 8
24 2 4
9 8
13 8
24 1 19
9 8
811379077 60 157615621
26249127 395237858
132715456 569334722
219874255 542687499
63556481 433446822
331721464 452468130
125682042 443075507
222089379 76411647
75778231 405911515
175945012 387943932
447770126 250966210
138990314 585047708
60781475 679493931
134723806 130159754
214364868 433807390
560586677 22001066
237450818 136625097
234830808 419471759
222167327 8265442
224233125 471508823
354253244 64346172
1632458 231065045
603330117 192803984
277311926 109641766
46222551 349778150
291872206 115527848
242289441 12441000
630575564 110387767
56895601 235249637
42286936 36020317
105853434 366892507
105422367 317331721
543924071 168627273
575689946 150945492
254642560 477894542
737382906 54632810
37186698 653120346
86631920 712027019
661524133 40687602
26166996 547989736
607980320 8169335
46869898 739924727
60029943 8668129
390336357 378203678
144760045 175511387
217716652 288246639
548392493 193612601
297516935 15981979
93819764 706048273
249342551 510113871
436017224 2115344
142489991 265333293
79998379 283512850
497706336 253466064
147308649 31964480
107329367 531834567
157889475 230202506
346868739 458725779
52986617 653757983
112156107 263211005
193301216 544136147
24 3 11
9 8
13 8
3 10
24 2 13
9 8
13 8
24 2 8
9 8
13 8
24 2 24
9 8
13 8
24 3 5
9 8
13 8
17 8
1000000000 100 94474675
147424748 643259618
492077956 391263514
221443532 504939721
81168614 695564750
392613996 189132831
223231000 557714200
366849462 597588327
315025633 444999905
305844891 150274633
255445518 65514508
473045647 258948160
87386848 764114556
772804463 178078317
346885160 175173552
676496341 219058722
43271407 631175234
824522047 16518468
116501048 202579228
792298883 68904182
154907331 681378735
1174098 127210850
313155904 203317583
366648439 27032619
11827697 99219140
3716617 338837148
369397219 525066339
114941220 660759531
563247082 144545891
60855804 382979922
657234589 12004032
42196091 407335438
368991403 327385826
312918833 434098199
462328901 86594651
506080828 329261513
269032184 254324443
102569629 802473206
66141875 395367000
207433193 204131017
275275233 583876450
462166218 288852920
195535819 75703738
472062157 314798139
30541740 895410477
445718720 10067473
653679070 94282618
137447959 130661861
559731563 296679135
86596683 502269517
227848173 492078453
77076114 779716672
276873171 125890289
73704469 484143359
104735326 200132480
873686594 74711218
520909620 220202445
102655682 717670860
780179589 40538153
591648973 37134948
43632815 760088039
356041780 472996907
364500865 281105673
438241283 407831656
114200219 729801952
301305657 572448075
277161329 649322291
528480160 4327701
209550010 79701680
371493111 33031438
212931986 11333459
66092152 521178146
930105422 51483813
438528166 328995195
230057483 406720928
77999778 372205391
599624441 365309028
99121778 842853329
454829881 362827984
192788129 292990726
656430727 267033946
817174502 143913352
232536711 179742969
59751587 128418629
45785538 803671947
598121809 71520527
216579120 657203995
373926768 291096903
228938748 535063454
535199931 39940761
260123067 487366013
375732966 99956314
18653343 735484933
260538613 443815562
556716365 111274152
96379943 306187125
493931990 100305308
217743755 687708168
33095921 696223283
297659119 46982688
314069564 403126810
24 1 17
9 8
108914504 5 80667391
11049063 1176217
40186990 18491939
56256914 6911955
786825 81743463
15414208 61600323
954410704 12 246893425
215027687 426117998
157345096 228495093
171048379 563212816
107799900 299568331
726718257 111209873
455500457 306373347
631146857 74439884
849926056 103097598
355785867 83699907
469529423 396918942
158457404 585094563
13271780 905161773
1000000000 100 781900528
56898067 73359815
280315271 352582967
392668921 17195734
488336147 408355302
350141726 550310323
778929699 174215086
553524472 177829720
742585609 180766231
598758168 195239239
645025574 62313202
238836702 594174786
901535837 21212501
541511433 284829775
70840144 434610965
118454929 707617401
264909996 109488825
502719165 232385171
92889184 41186650
120291642 420693357
935443126 23336811
645724936 195770334
703680798 60509508
348853921 447520707
415306470 108963859
585774445 294160066
541722618 252838429
403906956 322025519
244399573 276041585
380632367 70568425
546219865 119919274
54968661 409088992
182620040 472754448
57025039 359683549
17675177 389128388
111858194 221203576
24759846 392305930
93404168 194391166
226078200 143589583
605308073 294898317
30099335 300810700
672631073 85775695
151394939 629271993
257793907 684860620
595322613 6332346
250276827 137496428
476126359 446374687
494564890 7249370
88996287 877472985
35363640 936775281
220477835 89902579
280629212 424039509
662929821 63577893
404297987 359134026
67513802 337739175
89696810 260829166
48075591 451997286
963069260 17692412
884433248 101407809
295259723 188884223
490806510 390785388
659292 690118467
191876692 246703873
714489066 233615853
8219155 606412509
22088699 504368737
174272872 167464583
470611263 83023936
69513524 187896458
299328469 699839610
343809065 169042599
26810765 620616921
73915682 229258430
68567525 412659843
125099377 634075685
561233478 212275279
367925412 340579086
781154959 84240941
179592471 797420841
304645104 498504038
175382526 447050901
613475573 70155357
285814365 65745250
336112443 372653973
93717543 667038117
93078366 15587980
493096425 293964579
872322851 9760856
39505550 691961535
120898531 675295087
111456523 233471409
101451781 703648550
12446456 729414928
100175210 350106506
724553963 225742354
148051592 708496989
51881711 618035595
547397462 285909637
795517600 135396571
704183615 220366143
86748220 429843595
1000000000 100 157129245
552989066 397576855
914432731 68760276
120481032 28227941
306028899 1669548
325022604 171742461
289252179 472283378
122618896 132545983
559475273 11509701
570533704 254839559
844331374 115698174
589404935 383502227
248073692 497714294
682551889 188963712
51855929 413664637
755425719 126859521
112567316 674876368
291868943 621304730
314259456 50229600
40269073 245095271
139999992 35325549
542873588 202754667
126420052 845930014
374132825 33270568
83272398 48801593
456271308 344787823
466851668 249985371
102609813 277965612
411551167 267942090
280396256 517621369
112075414 633009995
188719168 784233998
310323981 303048308
51372071 919593835
349117055 509432348
84130800 205950661
169760920 71765686
574343500 46162504
679089329 176316830
613949870 309580296
282054292 325451889
608718106 303865263
34992611 397288675
88613274 829561894
506376216 293331306
487582466 421877983
845963287 70256414
737595571 20533594
227529905 727073650
539113538 62140403
73655383 699644891
722496493 122997287
377218750 268548522
363569786 64449062
736490255 93130730
382407075 393875496
547667738 240511590
78990798 291413767
114410730 14874405
114047901 603881946
408947255 274406148
177675945 447074399
561755145 359532801
205249015 242851469
346506830 446410168
177611334 738745633
47999756 136775318
40094288 895822176
339491354 101679991
763964779 17282218
666462794 98882051
24547570 663323313
3114660 370056603
339991057 115256223
66998768 79053852
181117566 699696958
2825934 727152176
494673030 248375145
559094913 210719765
74181269 119338802
3809434 931169969
56425567 540337429
219694324 764012424
323823974 217220705
410076631 415956238
318699686 575192631
623250400 145289355
142133383 504509194
838009452 125404231
220841959 285858804
231288609 48332132
235600817 723518068
83624312 268472448
23465689 942891032
203784826 371216799
292630472 558339857
69323295 929883911
644006860 353752043
11867197 520641586
234887420 272999555
402505865 448210541
1000000000 100 722199997
154002415 507621762
499049767 194849957
165230480 315723655
106681220 232816597
557310095 40452090
644546718 137710783
374149735 76707512
969288388 10448814
691375796 59277057
766630574 99105199
692803994 55808631
155109037 335737314
195937988 93338409
631475174 98762809
208679045 407909604
245345282 432730845
252695789 227857274
247351708 155775063
190084983 754444748
703261450 99622732
886739366 53608842
267804159 171893322
353865275 200669154
514807332 38249507
149875508 767266875
79768466 319503261
519242375 143987432
110037866 656994164
210448053 325124220
227882240 268360344
378008440 263204152
184436033 345130775
736702447 235556593
787315787 179730865
287433329 470487059
198127577 413373952
762962347 110653167
271148415 615618124
425740220 513412533
395324056 302872935
107643354 220303734
378998151 51103924
870206053 99531284
189708618 608613578
664113788 105135990
137113670 727953515
263153386 678203938
296432268 502516776
554988790 85600792
35101279 904496880
2700768 919711527
68134405 715012224
658084044 222757646
704798863 170782626
277520265 101155556
427602035 541770173
48129182 293056972
978851346 21032507
591829186 356445453
192855337 312750315
4419017 916134749
852281712 59158072
234487052 351833558
184833153 416359258
739384279 212526960
719010097 265747945
227049998 128553576
820397618 100794953
172395303 151451150
806665774 146907148
112574827 713093954
309259835 669677728
505847617 482335283
900729762 3135514
460357951 376663331
156688778 470202057
208132327 25657121
448382317 485231575
123420691 828161553
115759222 43519543
121568744 566470944
23809345 331956245
246578950 18549942
37230811 501459164
337056302 643386225
219122374 287988886
311514486 469387241
421505348 28203702
276293275 632739218
329073771 162981201
513336281 139957036
467431697 282893485
89052309 582573824
300458092 283175868
832636818 152057793
571482381 371663788
836564806 56850353
25789821 867559647
71084512 42385336
534434550 44032859
2 1 2
1 1
24 3 6
9 8
13 8
3 10
423085576 4 283761998
205925631 90313526
143897067 167578103
180210144 169035278
188586535 182660791
941404877 1 591708053
515741891 149317904
347904478 89 180983417
16993773 244310558
174989339 22412234
39394561 218146109
71527007 79490009
157702024 87566767
222815936 122635451
223185776 123468289
11543935 213066356
124267842 179847552
16122017 44236401
111461732 150458836
58441386 53673165
17231269 136838924
53347658 54539361
269844099 432749
109256083 11846583
86944443 80115603
233512230 61172098
125078829 207188423
81369415 47748447
25521974 142717165
22330345 93419851
114810655 182408469
140123971 207442842
222768819 71813540
193853883 120288562
90250851 219438479
95898759 209328463
199706002 30316986
91742063 94095079
17740968 82639699
243406508 4500821
167670274 159090470
26365360 218169812
36527734 216254215
5584895 310858776
240247687 75252039
168629137 30823537
8139744 5010550
53804834 156123105
53024056 76652899
182914015 78533831
195186028 38145352
4136100 304520835
4367754 338869791
163224594 88387415
123190325 83675599
227916838 29876793
87595413 195370528
93695294 48219578
106218534 132962850
81879445 35104835
3173971 4269889
144174231 183328324
252965253 51456791
74167700 227104604
174278130 133945997
94155296 38775446
184473029 124378897
83623008 168608040
146452314 124904448
169857761 129620394
52351237 93220888
105190028 184800224
193846916 35770252
162334184 60810
25204493 63488257
81884299 13406286
80604496 240295132
154900199 170148908
2019071 341759713
26116164 144660509
82751435 140907671
72177303 84716801
22687507 307655895
102483894 160815685
9580974 172254215
75507543 214118701
19506705 73740422
151990457 159523586
23273295 37015885
139251608 89367865
105957148 71600415
93261530 246389988
119647394 196388229
87615622 247473618
218610654 124244662
20673011 5005591
24636797 321771447
24 2 23
9 8
13 8
24 3 18
9 8
13 8
17 8
1000000000 100 101729168
646642499 210313345
920314609 16019539
535672723 303293239
395124217 184107578
57391186 522399451
114913440 413626312
329842601 478510816
470478596 8509568
539753904 39990401
113237594 771275619
288437577 363776618
423829765 545043531
52548489 368847093
164395307 67705653
77306316 525361114
105369974 781848815
329590827 432512105
596468832 402153229
635096639 43610379
331257628 369999974
474682101 6018965
383149392 527135167
375251871 439931975
58890088 167420804
312433946 640710754
581401372 290867727
726181485 196943125
503392939 83030206
616618202 176335126
19103029 159286256
381544130 424385306
37422288 661065299
241795018 349516377
61703297 521609483
298368512 61218613
377466845 363810273
88010161 131805603
233783002 484295370
141793893 561818252
225672134 154755700
639394084 64707409
485072116 327132668
366484297 425576405
209119061 343981249
433785343 251511777
89124664 354926219
620798197 272786027
241693551 519415057
227249914 681464959
563803035 101347294
33577604 713909000
334317575 193572656
82132888 717853073
255619040 669492568
434766121 465334234
601076030 168877117
256244300 132704083
314074898 609027617
620301164 362480726
805873090 73597048
100790956 226805897
346389484 56379049
69802573 111440509
105757711 96045131
130580977 619625762
270679003 522818406
424017380 43131345
196744170 214700440
28743692 119930285
154501890 518110548
67856868 144790607
215349870 643064084
447411257 482829390
86687451 378127019
256775603 71790882
3093510 127377064
447014393 396909963
92051816 7357753
558677723 387786278
480748082 502628824
130981657 208938537
196686421 694706741
43447430 28280974
66422254 356361339
890200841 63461440
346401408 220540819
278637284 416029631
928801947 57821300
271278959 300441577
722772768 205458145
413673769 573590397
559303958 90744734
478090621 106254778
602091636 373969268
467969338 269024018
197456713 450843786
40229253 598731141
263240255 453019288
517269568 37982588
406488510 480164928
24 3 8
9 8
13 8
17 8
176834998 63 90242899
2101259 58616795
11121840 139842568
41943310 60367430
4042814 157089250
14970441 90719736
55425216 84292887
71361128 38877993
86740402 42719580
82956344 83832611
144770348 19802156
63584326 45851900
143593901 7410520
152237478 20243288
109321147 50479805
48405881 122885282
89366457 83978915
44175089 4136014
63903309 37596614
60099710 107010286
41376816 40455251
11072982 114975492
161450489 10059571
78303462 25421323
4404098 37290978
101726150 33263498
47185906 3166314
44071824 15113213
139738839 13170936
18219098 153736063
38903320 87224308
85640715 74804398
24304873 34523923
64357491 32433912
8335482 85792220
39023064 112516114
58477195 38992799
114091247 33662074
68568685 7144568
35127258 45610625
104595923 13584336
11321844 86829175
79100104 17831817
75530194 1427646
912469 94273812
108555478 42265049
18346069 58063433
105493383 52506036
49973247 9943859
82070100 78347495
23225511 138851164
89277521 53748422
32017784 45578197
58868869 102672089
23869762 55928546
3318153 103736835
137900838 23947241
113790956 549231
154043785 16928744
87795689 76147571
150592139 19617683
30404599 52413479
3340235 167925014
116663472 52168948
2 1 2
2 1
24 3 20
9 8
13 8
17 8
24 1 7
9 8
24 3 8
9 8
13 8
3 10
24 3 23
9 8
13 8
17 8
1000000000 100 548116749
235362118 167230596
779694309 70301511
84513933 168099727
308080572 519262849
636686458 63860977
610367178 257660774
497328568 179637628
121388330 62823363
198862005 430152396
453374459 459882647
263718401 95224371
619269982 44567401
124252487 845667675
367056722 9526424
926029481 71720687
548521118 66422098
203278667 300039286
350505075 458945254
64990447 520814063
375120583 574598337
266377513 199815417
95614479 778706315
134177364 568158339
629727276 260393838
456413088 325756963
584730413 244800100
219086372 106091336
50450983 511093384
609268106 183063969
56439163 650265582
483871731 141573354
689934372 117729635
61274465 810380629
352569972 529595676
530697200 119640074
619689737 273253547
887463102 77789668
7704234 44284037
416913588 111017186
44681268 509285657
373072372 253587038
51862306 319550016
103812481 153345605
423097843 505024262
116790521 144529699
499548068 436637277
277449081 483046778
373093025 284684806
146898782 619184168
126069453 799445539
41942967 407492205
38045961 655305452
292754556 230804026
305209436 234780669
633547371 314011268
688670652 104434825
721384561 268614734
939303111 12526794
266836482 35665476
249558667 145890548
876375931 31948862
180745638 51322383
282106058 234162084
123165956 678371694
72939136 46781104
555364957 291734695
148384620 45191717
174633889 370345666
440341443 357696096
459630177 76953715
732288883 137436111
740619065 3429466
185964932 19943049
384337957 492740619
381001871 464951479
47060245 570099748
617125321 130083161
626239689 30388222
170131069 597276627
564764331 73557572
847015813 72204768
156293743 195087984
150890721 56836041
174276289 803730054
280826009 650933860
923457061 37277219
391782600 465944095
337821949 299496153
136083372 626584907
467404129 447117994
177347013 2898977
412595408 303458492
12945851 297645798
556953610 359463167
422571311 519717783
449636464 414974108
170175270 302124257
66102935 153558250
239772213 427963395
182616965 677373787
1000000000 100 696181525
284962707 116748596
180242640 723551772
55663241 66828113
226387184 363864678
47147757 696639046
310608459 137376780
260460394 431601448
608064431 266834301
759078579 78500744
582204067 241739556
142336603 56669188
808439565 175398555
252472711 13194243
598985771 88754664
592339819 210333293
857728522 121243086
215444204 339888359
21510487 585359415
527821099 431676179
331766056 359335627
320213306 532320276
281443150 109726397
606456341 145038324
353107278 555129891
569112642 269115980
600841467 101470693
435008017 555323400
65988984 531423586
125883365 76103136
319851069 173875117
126727532 756281877
600630716 92113353
179016390 89722579
366754046 537252244
519526665 306172037
8621479 114410851
678781924 250138584
374428311 32125113
738129222 47029676
343046687 483903392
854655427 73997123
713722285 67953453
808731988 172971066
16246703 678818695
207786997 735842731
618687264 182735093
619014350 80638388
130500916 168922366
50477148 433085138
401302252 34404153
7653390 660740531
717059323 202594960
629357986 12840497
448425029 456336341
179483537 748122281
299508460 600669371
735407067 61005530
329554404 612760349
176534501 32724389
303131953 368467218
101822935 21660385
54682865 307849448
43201236 228065821
412345993 447784944
65519059 167499519
172877260 173062792
108066578 398655030
671773800 17073825
429790912 374874674
190239146 329340373
720823180 51321726
60139608 24369699
534082867 330798042
8953558 760016453
281726115 327818618
388329448 238912031
188239283 656275727
421998828 289683903
148544727 672495415
487060171 65996570
13527699 748362506
267899029 398082162
655595205 80868194
5761760 178749100
343995335 65665688
493759619 144391008
454960151 400710997
465040280 98143422
455568324 32009366
509288739 104471487
199966379 573465855
91927938 246564703
169052608 745813283
61922288 616353412
69625484 606666840
152834543 345838855
534128678 421875112
134998759 366904419
172718303 159784655
822304546 64706473
24 3 24
9 8
13 8
3 10
1000000000 1 10
1 1000000000
24 1 21
9 8
24 3 20
9 8
13 8
3 10
24 3 19
9 8
13 8
17 8
24 2 16
9 8
13 8
529928422 4 117316195
155720142 24564412
145218451 328883680
335407913 33565074
62281560 180805384
24 2 10
9 8
13 8
