147
24 1 19
9 8
42 47 32
9 13
4 11
4 23
33 9
12 17
9 8
1 30
7 6
20 15
6 13
7 25
4 25
18 11
36 6
19 7
29 1
11 18
9 15
34 7
1 36
18 10
2 22
21 14
11 17
8 22
16 2
10 24
30 7
8 20
24 12
9 3
30 12
29 2
7 20
11 8
24 10
7 2
3 9
7 27
2 22
7 33
5 15
13 15
16 15
26 17
17 12
13 1
24 2 11
9 8
13 8
100 100 9
14 3
17 56
51 31
21 17
74 9
35 63
2 95
18 77
23 39
78 19
53 36
11 43
56 19
60 34
82 14
44 41
60 41
15 46
19 8
90 7
45 52
45 52
14 54
13 65
61 39
67 31
58 28
5 9
13 88
5 45
45 9
70 22
28 50
24 62
21 75
56 39
52 33
2 29
25 67
11 77
14 27
22 15
37 9
40 10
25 27
8 55
26 41
48 48
11 19
34 43
33 10
10 52
55 19
37 23
15 19
36 13
26 66
18 25
37 35
42 57
14 39
12 71
4 91
7 81
34 11
13 14
52 36
34 39
66 7
49 25
35 15
25 15
25 19
37 5
4 82
20 19
58 3
28 14
65 32
31 1
11 11
55 3
13 3
55 19
34 24
77 22
12 42
55 42
9 44
31 23
57 16
55 29
1 41
62 11
80 14
22 37
30 20
8 72
41 42
22 38
24 3 9
9 8
13 8
3 10
100 1 100
1 100
24 3 23
9 8
13 8
17 8
24 3 4
9 8
13 8
17 8
69 92 29
34 31
16 45
7 15
18 12
18 24
22 35
53 7
16 18
57 9
38 7
19 20
19 11
4 40
6 36
4 28
39 19
33 6
18 18
18 17
16 10
37 17
65 4
15 53
35 10
22 37
21 41
63 6
13 47
3 54
11 17
18 13
9 40
44 2
20 17
13 14
57 2
21 48
30 18
20 14
5 45
48 8
58 8
6 11
29 35
14 15
11 14
23 3
12 14
18 2
45 18
7 58
33 29
14 2
11 7
15 4
14 11
2 58
53 1
49 11
39 3
25 2
7 35
27 27
35 34
18 14
61 7
3 37
30 39
37 22
8 62
20 2
46 24
36 15
19 16
42 24
49 17
35 22
17 44
29 2
34 25
1 26
39 15
23 16
24 11
31 9
36 21
35 26
64 2
24 7
29 21
10 25
26 9
100 1 1
1 100
24 2 10
9 8
13 8
100 100 49
2 98
2 98
2 98
2 98
2 98
2 98
2 98
2 98
2 98
2 98
2 98
2 98
2 98
2 98
2 98
2 98
2 98
2 98
2 98
2 98
2 98
2 98
2 98
2 98
2 98
2 98
2 98
2 98
2 98
2 98
2 98
2 98
2 98
2 98
2 98
2 98
2 98
2 98
2 98
2 98
2 98
2 98
2 98
2 98
2 98
2 98
2 98
2 98
2 98
2 98
2 98
2 98
2 98
2 98
2 98
2 98
2 98
2 98
2 98
2 98
2 98
2 98
2 98
2 98
2 98
2 98
2 98
2 98
2 98
2 98
2 98
2 98
2 98
2 98
2 98
2 98
2 98
2 98
2 98
2 98
2 98
2 98
2 98
2 98
2 98
2 98
2 98
2 98
2 98
2 98
2 98
2 98
2 98
2 98
2 98
2 98
2 98
2 98
2 98
2 98
24 1 11
9 8
34 65 6
9 10
14 4
1 32
8 24
14 18
27 5
20 10
14 6
11 21
11 14
2 27
13 2
28 5
13 13
12 23
9 18
10 1
13 10
2 32
2 28
3 32
20 14
7 20
14 15
25 7
21 1
8 22
14 12
9 14
10 14
27 2
15 14
17 7
20 6
22 7
15 7
11 19
4 27
21 9
21 5
7 7
12 12
10 16
3 5
25 10
18 17
16 18
4 13
30 1
6 1
7 14
19 8
10 15
12 3
16 12
6 1
29 5
28 2
1 11
1 11
8 1
5 3
6 5
3 10
3 20
24 3 21
9 8
13 8
3 10
24 2 15
9 8
13 8
2 1 2
2 1
24 3 20
9 8
13 8
17 8
24 3 1
9 8
13 8
17 8
24 1 5
9 8
100 100 56
29 62
46 47
4 92
7 9
38 24
80 3
35 60
66 15
6 67
31 24
59 39
6 31
27 48
10 90
49 1
37 55
65 25
22 31
37 32
1 30
23 43
83 11
68 25
2 44
14 53
86 3
53 28
43 13
2 2
10 29
8 71
11 8
50 13
80 21
16 23
42 14
36 31
1 33
63 38
17 44
28 38
90 11
63 1
12 25
1 76
62 22
18 10
11 23
86 13
23 43
99 1
51 3
12 41
33 55
59 12
52 30
52 15
9 22
3 75
17 64
1 31
6 85
46 54
46 12
15 50
40 39
40 3
10 83
22 41
71 8
65 22
22 10
3 14
25 68
33 57
9 30
5 69
60 34
24 29
33 54
36 1
80 10
9 55
71 26
28 10
30 26
14 6
27 3
5 95
49 15
7 69
3 46
9 78
19 49
38 15
24 22
2 82
44 43
35 40
9 88
100 100 84
65 21
32 42
73 20
17 74
55 10
75 21
5 50
19 73
47 52
7 35
40 47
18 28
14 26
45 12
25 76
72 6
25 6
85 1
2 15
4 34
1 45
19 25
39 22
93 2
2 7
53 37
16 64
71 27
27 48
41 40
58 34
81 13
34 31
4 15
53 24
10 36
85 16
35 31
32 4
17 1
13 28
33 18
83 18
2 13
17 3
33 66
48 49
6 16
29 27
32 65
30 17
45 41
35 55
51 38
46 32
66 21
50 43
15 57
43 21
10 3
31 20
57 14
31 22
90 8
75 23
50 29
46 12
6 16
4 40
8 51
40 54
9 16
71 11
7 71
14 40
13 34
40 13
22 8
7 36
67 4
41 60
70 30
14 22
44 12
18 40
10 43
51 10
61 22
4 80
30 66
67 24
34 27
44 6
27 48
14 21
14 52
24 1
57 10
57 44
22 47
24 3 14
9 8
13 8
17 8
100 100 89
25 21
11 52
18 4
22 60
15 71
66 5
32 2
19 46
8 87
66 14
45 35
42 29
2 90
53 28
57 44
12 65
62 10
82 2
41 4
69 3
45 16
1 89
37 14
11 25
72 10
25 2
22 8
7 4
52 1
83 9
27 38
89 6
8 55
4 33
69 26
1 77
25 48
51 35
46 34
33 32
26 8
73 12
7 85
68 10
41 58
52 11
44 52
3 94
76 16
61 2
1 26
16 51
26 52
69 17
22 55
34 49
50 37
84 2
26 18
13 85
55 16
60 7
5 34
14 48
40 13
45 36
7 56
22 49
19 15
28 6
16 13
7 17
4 83
10 27
62 5
55 22
62 30
16 83
11 10
25 46
29 27
1 22
15 37
21 63
10 5
16 59
97 4
7 12
36 30
38 42
49 26
22 48
18 73
80 21
1 92
39 53
7 21
6 25
69 11
30 69
100 100 46
69 1
12 33
47 9
79 1
13 85
6 93
4 34
44 30
39 17
43 52
73 21
12 20
3 41
27 20
31 60
4 56
50 7
2 84
28 12
13 66
33 57
25 1
27 2
20 63
77 14
21 51
38 1
44 46
34 46
81 18
62 23
33 38
38 31
62 4
36 57
48 29
7 51
50 2
26 44
44 54
45 20
51 32
98 1
41 26
52 31
12 79
98 3
42 17
65 8
44 12
68 9
1 36
83 16
34 17
89 6
27 72
1 20
28 7
55 18
43 43
79 5
75 25
24 61
97 4
44 20
14 60
68 12
22 59
19 70
2 35
9 57
43 33
42 28
28 1
59 4
71 30
82 3
4 85
2 94
12 79
64 15
24 66
4 2
6 22
46 33
1 96
2 59
14 24
43 38
15 18
13 39
32 45
57 42
22 71
3 91
35 5
38 29
1 60
55 23
8 63
2 1 1
1 2
69 7 19
23 15
23 29
56 10
6 30
19 44
34 16
6 63
39 22 19
5 20
34 6
21 9
8 28
2 14
15 22
22 10
18 7
2 23
31 7
2 32
12 8
3 12
23 17
10 28
19 3
1 34
5 23
4 12
18 9
16 10
16 14
100 100 26
67 34
43 46
63 17
4 38
84 16
25 24
21 17
18 24
94 7
12 7
88 10
19 53
25 21
30 67
14 58
48 25
35 57
20 75
17 22
33 46
17 78
48 49
59 39
22 26
32 45
10 34
51 43
52 42
9 69
40 60
20 53
10 91
85 13
58 39
47 46
30 55
54 33
79 9
33 18
5 66
77 15
78 20
3 6
30 23
1 59
35 55
81 12
18 24
91 10
2 13
25 15
23 18
5 13
42 55
74 15
60 3
52 43
41 35
8 64
6 2
57 13
39 50
20 22
76 5
55 37
15 38
5 93
2 54
73 26
5 20
4 30
53 42
29 20
4 37
29 48
77 14
35 64
30 35
78 3
89 9
22 1
33 29
82 3
13 32
84 6
29 52
32 31
16 75
54 29
32 34
18 21
79 18
46 43
62 34
74 10
53 32
49 50
33 56
8 6
34 63
24 75 23
8 12
5 15
7 16
4 5
3 9
1 18
6 15
3 17
14 5
11 1
7 11
19 1
6 9
7 18
20 5
4 19
21 3
23 1
12 5
2 23
11 7
11 5
7 2
3 6
9 9
13 12
10 3
1 18
17 1
4 6
1 8
5 4
1 24
4 7
11 13
13 5
13 6
2 10
19 2
10 10
6 12
2 19
1 6
4 1
16 7
8 13
3 5
12 7
5 15
15 6
10 5
10 8
3 6
6 10
10 6
8 12
9 5
8 8
9 16
14 10
9 16
15 1
3 16
3 8
15 5
19 2
2 3
18 5
8 1
1 12
16 8
11 12
3 12
11 10
17 5
24 3 10
9 8
13 8
3 10
24 1 1
9 8
24 3 6
9 8
13 8
17 8
24 2 9
9 8
13 8
24 1 8
9 8
24 3 11
9 8
13 8
3 10
24 3 16
9 8
13 8
3 10
24 3 3
9 8
13 8
17 8
24 1 4
9 8
24 3 14
9 8
13 8
3 10
65 81 26
6 7
12 38
24 12
15 12
19 32
3 48
16 18
5 53
24 36
14 22
13 3
13 6
36 3
6 37
5 22
33 5
19 47
11 13
31 24
52 14
20 27
45 4
41 1
5 54
10 51
36 16
8 41
2 23
8 27
57 1
33 19
6 33
1 36
14 39
24 3
24 28
14 52
42 13
18 24
32 23
11 1
16 14
16 11
10 43
18 20
58 1
13 33
1 13
9 28
43 6
28 22
14 30
22 41
36 2
17 30
32 14
5 44
42 6
27 11
53 10
16 19
5 12
24 12
43 5
45 9
2 19
3 29
2 13
3 53
45 7
43 19
36 10
8 13
5 46
55 11
32 14
43 12
5 31
27 21
16 48
10 26
6 29 5
3 2
2 3
4 1
3 4
3 1
2 5
5 2
6 1
2 2
4 2
3 1
1 2
1 6
3 2
2 3
2 1
2 5
3 3
2 5
3 3
2 1
3 4
5 2
1 4
1 6
1 1
1 1
3 4
4 1
24 3 3
9 8
13 8
3 10
2 1 1
2 1
24 1 18
9 8
100 100 1
14 34
9 58
9 77
63 5
29 59
16 82
67 22
12 1
1 27
32 42
57 26
28 50
75 24
63 34
30 12
35 8
9 81
85 3
41 35
64 32
46 44
40 6
18 19
21 30
38 23
74 11
4 68
1 26
29 19
2 35
16 42
37 21
4 25
41 59
53 14
17 27
17 34
23 34
5 16
28 23
1 61
89 10
41 8
54 19
26 49
16 38
26 19
49 34
15 74
37 30
15 66
65 25
2 48
61 8
29 42
90 6
18 31
22 3
33 60
50 14
20 47
12 27
80 10
9 27
28 73
18 83
34 29
97 4
69 21
2 54
83 17
5 20
78 4
54 45
24 72
70 23
23 52
29 72
64 26
56 13
42 28
59 40
62 28
19 48
58 38
59 35
15 57
31 29
54 45
27 35
11 40
21 71
28 65
81 7
33 48
11 21
3 16
8 2
76 9
34 55
24 1 17
9 8
24 1 12
9 8
24 1 3
9 8
24 2 22
9 8
13 8
24 3 13
9 8
13 8
17 8
24 1 23
9 8
24 1 20
9 8
24 1 2
9 8
24 3 20
9 8
13 8
3 10
24 1 16
9 8
46 23 17
7 37
11 9
4 37
32 12
1 29
38 1
8 33
29 10
17 14
7 2
9 25
5 24
21 15
1 43
45 1
12 6
14 1
2 20
22 8
37 3
29 10
14 32
14 6
63 49 56
8 33
10 54
18 45
9 34
1 46
2 26
18 23
11 16
25 3
7 1
6 13
27 8
30 34
34 24
23 23
30 29
11 53
41 16
11 10
2 22
5 46
7 16
41 13
17 36
33 11
26 6
39 1
9 29
38 4
33 30
21 17
46 2
16 48
16 23
29 19
22 1
14 15
44 20
4 16
4 24
21 12
9 31
10 45
31 10
8 28
2 33
8 33
12 41
20 10
24 3 7
9 8
13 8
17 8
24 2 12
9 8
13 8
2 1 1
1 1
24 3 17
9 8
13 8
3 10
24 1 22
9 8
100 100 94
41 55
88 1
28 46
14 46
20 34
21 4
38 17
60 9
20 33
51 25
39 61
40 30
39 19
9 71
15 79
36 39
5 69
17 10
32 37
28 1
18 14
25 11
50 23
78 13
49 8
53 20
18 37
57 11
19 12
5 70
18 68
31 69
15 51
83 15
34 67
69 22
62 33
9 65
56 1
1 66
93 4
13 59
8 81
7 59
8 61
15 33
65 1
23 6
67 21
5 16
71 24
1 71
82 17
62 14
41 36
8 73
64 9
41 33
32 32
52 46
2 89
53 21
16 12
38 49
2 33
19 2
39 37
35 20
5 93
62 24
39 31
26 73
30 46
31 70
56 28
49 6
35 64
52 47
27 49
11 24
45 14
28 64
4 83
64 19
9 11
51 24
20 45
38 62
65 13
38 28
65 26
54 13
42 7
45 22
6 50
29 55
52 28
4 80
2 23
29 54
24 3 19
9 8
13 8
17 8
24 3 23
9 8
13 8
3 10
24 3 12
9 8
13 8
3 10
79 91 65
23 14
27 30
36 41
7 35
23 8
10 17
14 17
12 4
15 3
9 48
23 37
14 19
52 22
27 14
6 52
21 20
60 10
8 39
57 3
2 78
69 2
30 43
56 3
27 9
15 53
7 60
67 3
24 13
38 25
15 35
23 3
37 6
1 23
1 39
10 54
7 8
34 45
58 18
25 51
9 3
15 1
58 15
9 13
74 5
34 45
1 60
3 55
25 34
14 34
35 13
18 3
36 4
16 18
65 14
22 28
76 3
18 38
19 42
2 9
57 7
22 31
16 2
30 31
21 36
18 5
24 32
30 22
23 16
20 6
13 34
15 62
40 21
29 19
62 5
55 18
37 38
52 11
6 58
37 35
18 62
55 15
2 52
7 54
34 29
27 26
3 72
1 53
10 29
70 3
18 25
58 5
100 100 19
12 8
14 31
16 67
27 23
7 21
26 11
19 55
17 17
98 1
15 46
44 40
40 52
5 74
26 38
54 33
38 37
26 23
50 1
94 6
6 19
4 30
10 32
13 25
46 41
3 2
23 71
33 33
63 16
92 6
19 27
12 45
7 76
19 45
23 69
34 57
2 43
7 58
60 8
81 8
34 1
9 62
66 22
34 32
78 19
14 40
46 3
2 48
25 29
47 44
40 38
67 26
1 89
38 55
28 71
30 53
31 39
41 24
10 15
53 22
28 24
47 40
3 67
53 17
66 34
13 19
78 1
37 44
17 71
2 7
8 1
31 50
33 10
63 33
80 4
81 14
14 66
49 15
52 35
43 56
17 45
30 51
1 80
43 37
12 23
16 81
53 11
67 15
61 10
77 15
76 15
85 16
11 15
49 17
9 38
29 31
56 30
17 23
11 28
13 27
58 31
1 1 1
1 1
24 1 24
9 8
24 2 20
9 8
13 8
100 100 15
70 19
48 17
16 33
55 43
15 33
23 53
46 28
67 19
76 19
45 48
43 34
20 71
27 42
30 37
82 7
39 16
25 11
11 2
9 21
43 14
4 30
96 1
7 18
20 50
14 65
35 51
40 1
16 12
67 22
29 25
11 66
84 9
5 92
9 58
17 31
18 76
71 2
15 84
75 16
19 57
16 69
42 5
67 14
60 37
13 29
3 3
56 25
4 70
6 28
12 5
6 9
47 50
18 44
19 31
16 82
28 36
11 38
55 33
24 49
29 15
18 24
64 12
40 22
21 38
59 26
3 72
15 12
26 57
20 36
44 57
39 28
41 36
11 2
51 2
42 43
23 55
45 2
51 16
8 89
20 5
51 36
59 30
17 30
37 23
1 58
25 61
60 23
16 54
15 59
3 51
6 88
47 10
41 18
2 63
14 50
71 8
84 17
24 31
3 39
11 47
100 100 81
12 72
50 3
37 14
18 16
68 7
40 10
15 7
18 6
55 12
3 78
15 46
37 39
9 28
19 8
24 18
29 45
57 8
54 23
42 54
29 45
13 67
72 2
11 29
39 18
57 23
19 3
13 53
45 19
62 2
3 85
43 8
70 28
40 12
68 5
38 10
24 35
17 66
80 17
30 59
5 83
34 9
64 11
27 1
50 38
3 90
9 87
48 7
18 75
8 2
21 70
7 29
1 62
20 39
85 16
45 18
43 30
71 29
26 33
3 43
17 83
37 52
14 60
26 14
29 23
3 59
47 16
13 10
70 13
68 32
61 6
84 3
25 45
46 13
18 42
23 78
21 62
59 17
47 12
56 9
8 45
55 46
17 79
16 29
36 43
78 17
40 31
56 33
11 41
25 17
35 49
36 13
38 35
9 48
15 10
10 88
71 13
63 38
4 46
17 33
85 15
24 3 24
9 8
13 8
3 10
100 100 52
13 77
39 60
73 11
26 28
19 80
32 2
34 22
3 78
57 25
35 11
12 75
47 19
17 25
16 74
38 18
36 1
4 18
16 54
69 4
66 20
24 54
2 2
84 13
79 19
81 12
6 20
35 58
9 91
84 15
29 4
21 4
16 61
46 15
3 6
1 33
27 27
62 34
15 78
59 18
13 77
42 50
66 15
40 10
88 11
1 87
21 36
18 59
70 9
44 40
29 20
14 71
10 90
1 34
21 20
57 8
4 72
29 53
37 1
75 8
25 61
25 46
36 55
4 74
20 39
38 13
30 71
8 17
4 61
16 36
66 17
2 19
28 18
5 94
17 2
1 46
1 18
17 77
5 3
39 24
46 31
65 28
9 31
15 25
36 53
44 13
66 15
36 19
19 45
3 54
39 53
26 38
20 43
78 16
21 70
6 73
4 94
27 31
73 20
6 39
19 47
2 1 2
1 2
100 100 97
3 69
52 21
24 69
59 41
53 45
4 80
20 53
47 25
45 1
38 38
15 36
12 12
21 57
72 16
6 73
78 8
59 42
42 8
78 8
76 3
71 27
2 71
1 43
13 33
54 36
19 72
11 85
11 1
70 4
36 3
12 22
2 54
69 3
44 41
57 6
7 34
31 32
11 33
10 2
60 3
62 6
56 22
16 45
47 34
54 41
30 66
7 12
18 27
1 88
35 38
11 52
27 16
28 50
35 50
75 15
76 23
35 63
2 55
38 23
61 22
36 25
38 32
30 9
61 25
34 20
43 56
6 18
20 21
11 5
17 25
20 17
29 47
7 43
90 4
18 67
36 30
13 17
82 18
81 8
33 66
61 29
7 52
54 19
61 28
8 47
30 8
46 49
70 28
70 4
31 55
13 75
15 80
69 20
1 53
11 85
18 81
26 36
36 7
8 74
19 67
62 30 16
36 5
47 9
8 10
28 21
3 37
11 1
5 41
14 27
25 14
13 29
4 13
22 16
27 18
17 12
44 8
11 4
19 41
37 20
16 36
19 22
1 26
25 11
41 9
8 10
16 28
35 5
8 41
4 9
30 21
29 21
24 3 17
9 8
13 8
17 8
24 2 5
9 8
13 8
24 2 13
9 8
13 8
24 3 19
9 8
13 8
3 10
24 2 7
9 8
13 8
24 3 9
9 8
13 8
17 8
100 100 94
48 17
3 56
6 20
31 68
28 72
16 68
52 15
61 26
1 14
34 31
19 40
4 53
54 45
86 5
55 40
33 1
75 4
19 74
19 42
22 25
9 29
54 26
70 13
82 1
26 51
97 2
15 17
30 71
8 61
29 36
2 93
39 34
3 98
4 96
37 8
64 3
1 16
22 72
72 28
17 80
48 9
45 47
45 31
81 20
74 1
19 80
27 39
60 38
21 24
4 97
49 27
42 49
17 77
52 29
51 3
46 21
45 47
37 40
68 26
60 30
51 7
59 40
40 13
12 72
43 17
31 6
41 2
31 51
37 14
69 29
6 56
23 8
8 67
17 71
7 48
47 30
1 4
18 61
62 8
36 65
62 29
45 11
72 1
30 20
4 26
78 8
77 19
67 21
74 8
6 92
4 36
32 64
47 36
30 52
38 57
67 26
18 77
5 71
16 11
50 8
24 3 18
9 8
13 8
3 10
71 60 27
24 39
23 31
5 18
10 15
42 27
20 47
1 38
1 60
48 19
23 37
1 37
14 2
45 15
18 44
18 27
12 30
7 21
34 26
35 35
9 8
41 29
41 8
28 11
42 25
19 33
12 53
7 17
3 34
14 47
20 32
22 35
25 43
18 34
45 22
37 23
6 24
36 8
33 30
66 5
44 5
8 45
19 47
60 1
25 22
28 11
30 8
48 3
2 53
39 29
20 10
1 14
48 16
21 32
2 37
15 8
44 3
34 5
26 32
66 6
3 28
37 96 4
2 9
13 3
28 6
16 4
9 20
28 10
6 26
22 6
3 11
26 4
13 14
3 3
8 4
3 33
10 13
18 8
20 3
10 11
21 1
28 4
6 10
6 17
11 23
10 13
24 13
25 12
1 24
12 20
12 20
4 23
17 21
3 15
12 22
7 26
18 6
13 13
3 19
2 30
6 6
34 2
22 8
17 18
2 22
2 2
1 23
12 15
13 4
3 17
22 16
5 22
27 9
32 1
14 4
19 18
19 9
8 23
3 29
8 5
1 15
1 20
1 23
21 10
26 6
20 9
20 13
27 7
11 5
8 22
9 5
1 9
6 4
1 10
3 22
2 10
25 6
7 25
1 36
1 31
9 15
1 24
20 15
7 14
1 13
13 7
1 26
22 6
1 2
10 18
7 6
3 13
21 11
6 12
25 8
18 2
34 2
16 14
24 2 14
9 8
13 8
100 100 58
42 59
9 75
47 48
49 23
9 76
54 12
43 30
4 57
4 34
70 15
22 78
36 17
44 43
56 32
13 67
5 26
14 68
29 39
20 1
18 73
24 53
10 65
13 17
14 32
77 23
60 40
50 27
4 52
54 16
62 1
30 9
85 1
11 82
14 39
65 20
35 5
33 32
10 53
31 31
46 5
1 73
29 47
27 2
5 39
22 16
47 10
46 38
20 8
30 41
6 69
9 24
29 51
24 39
89 8
33 39
27 52
40 9
21 28
14 46
13 3
96 5
22 53
66 25
37 61
33 6
38 37
46 21
27 6
10 4
87 6
70 25
37 62
12 47
62 33
22 4
24 26
29 62
64 8
7 37
70 27
63 25
40 40
40 15
50 38
47 8
57 16
20 15
20 44
33 32
60 23
73 21
10 56
80 20
3 7
51 15
84 7
45 23
54 21
78 4
3 79
24 3 5
9 8
13 8
17 8
24 1 7
9 8
24 1 13
9 8
24 3 11
9 8
13 8
17 8
24 3 8
9 8
13 8
17 8
24 3 13
9 8
13 8
3 10
24 2 8
9 8
13 8
100 1 10
1 100
100 100 37
79 9
54 5
76 9
15 79
79 6
54 18
36 35
8 42
83 4
67 7
41 31
47 33
52 42
8 46
10 74
48 11
7 42
8 55
39 24
36 55
46 39
87 2
27 3
1 88
45 49
44 8
18 19
81 11
67 17
32 27
20 38
45 2
45 23
15 61
36 11
44 30
10 78
26 46
55 8
10 67
15 74
38 50
7 64
18 22
95 3
79 9
43 35
86 7
34 43
50 20
14 46
59 23
58 33
61 7
24 5
11 78
43 22
7 92
65 18
52 34
68 1
15 86
2 48
11 51
33 11
46 11
76 18
25 42
24 19
9 57
65 27
12 78
12 69
1 4
62 35
36 33
43 10
47 37
9 44
54 37
10 71
26 74
65 15
26 62
23 75
14 13
15 7
33 51
46 8
9 32
39 30
32 29
32 51
15 23
5 78
70 31
20 78
12 20
70 22
53 21
24 2 3
9 8
13 8
24 3 21
9 8
13 8
17 8
24 2 23
9 8
13 8
24 2 19
9 8
13 8
24 1 21
9 8
24 3 22
9 8
13 8
3 10
75 9 25
34 7
62 14
50 22
4 39
31 18
10 46
41 16
61 7
9 29
24 3 2
9 8
13 8
17 8
24 2 16
9 8
13 8
24 3 15
9 8
13 8
3 10
24 3 10
9 8
13 8
17 8
24 2 6
9 8
13 8
24 1 9
9 8
24 3 24
9 8
13 8
17 8
24 2 24
9 8
13 8
24 3 6
9 8
13 8
3 10
56 73 9
25 31
6 40
3 20
14 25
17 8
3 47
29 9
30 13
38 18
23 21
6 6
11 8
38 11
8 24
9 14
10 9
10 23
9 25
7 28
19 35
8 42
14 32
12 24
48 9
19 20
20 33
10 31
48 5
7 14
40 6
24 13
25 14
13 41
9 38
15 34
2 17
43 13
4 15
15 36
47 4
37 18
8 32
15 26
15 30
8 27
10 42
47 5
23 31
22 12
3 41
37 18
4 31
12 25
18 20
40 17
16 16
12 31
2 27
35 14
11 26
35 2
28 22
29 19
42 11
17 12
19 2
3 17
4 44
13 21
2 49
1 25
14 26
6 44
2 1 2
1 1
24 3 7
9 8
13 8
3 10
24 3 4
9 8
13 8
3 10
24 3 1
9 8
13 8
3 10
24 1 10
9 8
24 3 2
9 8
13 8
3 10
24 2 2
9 8
13 8
24 2 1
9 8
13 8
24 2 21
9 8
13 8
24 2 18
9 8
13 8
24 3 12
9 8
13 8
17 8
22 29 7
9 6
20 1
7 16
12 5
21 2
3 13
5 8
18 5
8 9
6 4
6 1
4 5
4 18
9 9
7 4
3 16
2 17
17 1
2 17
9 9
9 7
7 15
6 1
8 5
4 3
7 13
14 5
9 11
12 6
24 1 6
9 8
24 57 9
2 23
7 13
9 15
18 4
22 1
13 2
18 5
9 11
11 8
3 22
8 16
9 13
7 5
11 13
3 11
11 7
10 1
10 2
13 9
14 1
18 4
22 3
7 2
11 10
17 4
2 11
17 4
4 3
13 6
14 6
13 9
4 16
10 4
15 6
5 12
2 2
5 11
8 6
4 14
2 15
3 22
15 3
14 9
12 13
9 4
2 5
9 7
10 6
9 5
5 16
9 15
22 3
5 17
8 3
11 8
5 19
12 13
24 1 15
9 8
24 2 17
9 8
13 8
24 2 4
9 8
13 8
96 67 8
27 25
29 57
76 13
13 73
11 19
68 12
11 37
28 69
2 78
6 53
36 32
17 26
15 23
2 19
15 41
9 6
16 74
65 18
54 16
42 18
40 14
17 80
13 27
43 5
38 7
48 1
60 26
22 55
51 11
33 61
47 3
75 3
69 6
33 17
57 19
66 9
55 12
60 13
31 11
51 44
26 43
35 51
41 44
24 29
52 24
28 18
53 21
8 2
6 78
31 14
36 51
35 54
51 30
38 40
47 19
25 26
40 55
18 30
14 35
9 27
13 32
41 37
18 25
52 19
5 15
10 14
29 3
24 3 18
9 8
13 8
17 8
100 100 11
5 5
32 48
48 51
2 78
8 44
32 2
33 33
44 30
75 15
41 39
4 20
42 32
24 22
51 2
46 41
50 16
24 31
72 9
39 58
12 36
20 72
25 54
78 21
55 19
11 7
49 10
43 8
9 77
35 28
17 78
22 18
32 2
23 35
56 41
3 51
8 80
42 40
5 80
11 39
12 20
28 3
14 24
2 93
32 47
57 37
25 32
38 11
85 5
5 87
15 45
58 43
56 12
53 4
34 62
17 9
17 61
94 5
1 100
46 48
14 33
10 67
31 46
31 4
11 37
12 23
17 66
9 66
17 22
8 4
32 12
8 11
58 6
7 31
34 51
14 19
3 49
62 24
53 39
21 16
15 14
67 29
7 86
15 84
33 11
3 66
3 68
36 2
24 62
27 66
5 73
6 83
49 18
21 27
63 7
10 24
11 90
80 1
40 22
2 44
15 47
24 3 8
9 8
13 8
3 10
100 100 58
24 73
7 11
1 71
94 7
78 8
27 31
13 8
31 2
17 3
56 4
3 22
13 11
60 34
51 34
96 2
90 5
31 67
12 55
67 28
30 2
13 71
3 89
91 8
36 50
1 59
46 45
38 18
50 28
2 76
21 12
32 16
54 38
53 7
59 36
25 72
8 7
49 20
40 2
32 15
9 49
69 13
9 17
3 27
63 29
60 34
82 12
9 79
26 63
99 1
42 50
71 4
63 8
41 60
37 50
12 18
34 61
52 10
6 36
49 39
26 19
24 9
21 10
23 76
13 45
48 40
67 23
15 65
34 62
55 35
3 35
42 40
11 38
46 3
6 2
43 8
49 3
31 67
9 11
13 83
53 1
6 48
15 12
8 78
11 44
11 14
49 14
12 62
15 65
12 7
34 32
28 30
6 60
72 8
7 62
72 6
35 44
40 43
60 33
43 55
79 16
24 1 14
9 8
24 3 22
9 8
13 8
17 8
24 3 5
9 8
13 8
3 10
24 3 16
9 8
13 8
17 8
100 100 31
6 70
50 8
14 82
74 1
5 57
14 76
18 36
77 2
48 43
38 45
53 23
10 32
7 5
31 49
20 62
39 16
28 48
29 19
82 15
6 67
2 83
29 11
47 40
22 6
56 4
28 16
13 72
10 30
11 76
75 2
5 95
24 46
71 24
24 26
16 28
53 41
31 66
53 37
20 31
24 18
42 59
41 46
41 22
28 52
98 1
23 5
48 27
51 8
11 39
29 23
33 15
11 70
65 18
32 38
85 11
14 76
4 52
5 26
17 41
3 71
38 39
80 4
3 70
74 13
97 1
1 92
1 70
65 21
58 39
13 79
50 45
24 15
44 43
5 53
4 91
3 80
41 13
3 22
20 11
40 35
31 25
12 75
30 17
24 26
6 42
9 25
24 48
32 30
11 71
34 65
21 69
3 69
20 14
35 34
96 4
27 8
11 44
11 39
8 55
8 49
84 31 65
31 28
32 52
9 2
35 9
37 45
9 28
7 56
54 11
37 28
26 49
26 37
10 42
3 12
14 44
23 33
81 4
7 42
21 19
37 34
29 18
30 31
13 29
28 39
24 32
3 57
16 65
53 8
3 11
20 26
41 39
44 11
100 100 65
32 61
36 45
1 31
27 19
24 64
35 51
2 45
28 59
82 10
16 60
11 40
14 77
10 15
56 36
33 65
59 27
74 4
49 21
9 55
3 91
55 34
62 28
45 38
14 17
26 74
32 4
58 28
45 9
27 45
7 11
34 45
4 35
74 27
14 80
16 62
61 36
28 40
3 42
19 21
63 3
34 12
7 72
7 60
62 15
49 4
33 3
52 7
39 42
16 37
9 7
39 45
41 54
41 25
2 86
13 69
56 20
46 19
39 2
17 73
35 54
60 22
24 33
80 21
15 38
6 5
66 20
25 30
48 12
16 57
2 3
66 9
65 7
2 87
85 15
1 46
31 42
77 18
38 55
66 14
21 38
35 26
52 4
46 29
9 91
8 72
17 34
47 31
28 16
15 86
8 56
35 59
17 12
18 71
23 51
12 45
90 3
22 40
35 50
33 39
9 83
24 3 15
9 8
13 8
17 8
