100
4 1
1 1 278
1 1 494
1 1 967
1 1 430
4 8
4 4 574
8 3 541
6 4 933
4 3 898
5 3
2 1 129
1 1 638
3 3 992
1 3 557
3 3 969
6 2
1 2 891
1 2 305
2 2 305
1 1 911
2 1 515
1 2 981
8 5
3 4 535
4 4 23
4 5 157
4 3 974
2 3 502
4 1 155
5 4 480
3 4 723
2 7
3 3 404
2 4 592
8 4
1 1 210
2 4 617
2 4 473
2 3 407
3 2 571
1 1 463
1 1 205
3 4 863
6 6
1 6 558
4 2 161
3 1 307
1 6 290
2 1 698
2 1 48
6 4
4 4 1000
4 4 1000
4 4 1000
4 4 1000
4 4 1000
4 4 1000
6 1
1 1 175
1 1 335
1 1 315
1 1 48
1 1 914
1 1 890
2 2
2 2 1000
2 2 1000
6 2
2 1 248
2 2 345
1 1 776
1 2 970
2 1 394
1 2 538
2 4
2 2 247
4 4 708
1 6
2 5 230
6 7
4 7 992
4 3 611
1 3 277
2 2 236
1 1 195
6 2 224
5 6
6 5 78
4 5 99
5 4 775
6 4 222
6 4 225
2 2
1 1 671
1 2 229
5 6
6 3 648
3 4 188
1 4 419
6 2 922
3 4 247
7 5
1 5 840
5 1 668
3 5 864
2 4 532
1 5 813
5 2 586
4 2 604
3 7
3 5 731
5 4 637
4 3 899
7 8
5 6 443
8 5 555
7 8 431
6 7 114
6 7 897
6 7 51
5 6 19
8 8
1 6 6
1 8 8
1 4 4
1 2 2
1 1 1
1 3 3
1 5 5
1 7 7
7 7
5 2 706
1 1 980
4 3 325
6 1 296
5 4 803
7 1 543
3 2 939
5 5
4 3 703
4 3 724
4 3 506
3 4 460
4 4 223
6 2
2 2 1000
2 2 1000
2 2 1000
2 2 1000
2 2 1000
2 2 1000
6 8
2 2 374
8 1 444
4 3 119
4 4 71
6 1 201
5 2 22
6 7
5 6 716
5 4 974
4 6 956
4 6 118
5 4 409
6 6 697
4 6
1 3 286
2 5 715
1 6 838
6 6 140
3 4
2 2 624
2 2 662
2 4 913
7 8
8 8 1000
8 8 1000
8 8 1000
8 8 1000
8 8 1000
8 8 1000
8 8 1000
4 6
5 5 338
3 4 555
3 2 787
6 2 662
7 1
1 1 334
1 1 401
1 1 132
1 1 357
1 1 586
1 1 924
1 1 323
6 7
7 5 611
1 5 960
7 6 371
3 4 132
3 4 585
2 6 301
5 6
5 2 277
5 4 631
1 5 836
2 3 26
5 6 566
8 7
7 7 1000
7 7 1000
7 7 1000
7 7 1000
7 7 1000
7 7 1000
7 7 1000
7 7 1000
4 8
1 6 817
1 4 781
4 8 38
8 3 391
5 4
4 4 300
4 2 134
1 1 759
1 1 377
4 2 901
8 4
4 4 1000
4 4 1000
4 4 1000
4 4 1000
4 4 1000
4 4 1000
4 4 1000
4 4 1000
7 4
4 4 1000
4 4 1000
4 4 1000
4 4 1000
4 4 1000
4 4 1000
4 4 1000
6 3
3 3 9
1 3 403
1 1 841
3 1 128
3 1 165
2 1 264
1 1
1 1 836
6 6
6 2 391
2 2 811
3 3 99
1 6 616
3 2 400
4 2 18
8 8
8 8 1000
1 7 7
1 1 1
1 4 4
1 3 3
1 5 5
1 2 2
1 6 6
5 5
3 4 277
3 5 291
5 5 744
5 4 716
2 2 930
7 8
7 2 248
6 3 389
6 4 76
3 3 21
3 4 551
8 5 513
3 2 566
1 4
3 3 299
5 8
8 8 1000
8 8 1000
8 8 1000
8 8 1000
8 8 1000
1 1
1 1 701
8 7
5 6 831
5 6 307
4 6 754
5 6 298
6 5 271
4 5 717
4 4 742
4 4 136
2 6
1 1 75
5 2 868
3 2
1 2 495
1 1 601
1 1 875
8 8
1 3 998
1 8 993
1 4 997
1 6 995
1 7 994
1 1 1000
1 5 996
1 2 999
7 7
3 6 247
6 1 11
1 7 668
2 6 89
2 4 999
7 7 999
5 2 729
7 8
6 3 978
1 4 255
3 6 511
2 4 303
2 1 97
7 7 640
3 8 129
4 6
6 1 905
2 2 239
6 1 986
5 6 878
8 4
1 2 834
1 4 314
4 3 527
3 4 137
2 1 820
3 4 204
3 1 119
4 2 966
8 5
5 4 435
1 3 216
4 4 183
4 1 767
4 3 574
2 5 680
5 1 717
5 1 180
3 5
3 3 143
1 5 720
4 2 558
8 8
8 1 1000
8 1 1000
8 1 1000
8 1 1000
8 1 1000
8 1 1000
8 1 1000
8 1 1000
2 5
3 3 508
1 2 965
1 5
5 5 1000
7 6
2 2 98
4 5 696
6 2 788
2 5 505
3 5 164
6 2 24
6 5 232
6 3
2 3 148
1 2 918
3 2 326
3 2 904
2 3 472
3 1 697
5 1
1 1 802
1 1 561
1 1 625
1 1 699
1 1 730
4 5
3 3 320
3 5 128
2 4 625
1 4 270
6 7
4 6 317
5 6 268
4 4 698
5 6 62
4 6 182
4 6 122
6 8
7 5 330
7 8 57
6 7 17
7 6 79
7 6 584
7 6 678
6 8
7 6 296
6 3 735
4 8 445
6 3 11
4 1 545
2 4 573
8 8
8 8 1000
8 8 1000
8 8 1000
8 8 1000
8 8 1000
8 8 1000
8 8 1000
8 8 1000
2 6
1 1 234
3 2 51
3 1
1 1 187
1 1 184
1 1 627
8 1
1 1 442
1 1 179
1 1 515
1 1 49
1 1 746
1 1 793
1 1 652
1 1 777
3 7
2 1 871
4 4 758
5 5 232
7 6
4 4 779
6 5 75
5 5 389
4 5 472
4 4 300
6 5 924
6 6 423
3 1
1 1 348
1 1 982
1 1 703
8 3
3 3 288
3 1 688
2 3 245
3 3 200
3 3 398
1 2 727
1 3 578
2 2 696
6 6
1 5 394
2 1 230
6 3 425
2 2 353
1 3 344
4 2 51
6 5
1 4 88
5 1 596
1 2 346
1 1 206
5 1 164
3 5 847
5 8
2 7 928
8 6 789
5 1 561
8 3 255
3 1 53
7 6
4 3 201
4 3 362
2 2 139
2 2 712
1 2 985
1 3 525
5 2 838
6 8
8 6 272
7 6 772
4 1 71
6 7 994
8 8 157
3 7 621
2 6
5 1 755
4 3 788
1 1
1 1 1
6 7
6 3 103
5 5 766
5 3 252
3 1 507
2 1 474
7 4 35
1 1
1 1 723
8 4
4 4 512
4 4 870
4 4 637
4 4 502
4 4 126
4 4 995
4 4 578
4 4 867
8 8
8 2 665
8 2 912
1 7 625
2 5 789
1 2 411
6 1 573
5 5 268
1 8 234
7 4
3 3 62
1 3 240
1 4 625
3 3 420
2 2 614
1 2 270
4 3 970
6 4
4 2 572
4 3 918
3 3 873
3 2 601
2 4 401
1 1 268
7 4
1 3 755
2 1 563
1 4 567
1 2 788
3 4 901
3 1 725
3 1 728
6 4
2 2 25
1 1 325
2 2 125
1 4 331
2 2 526
4 4 751
8 8
1 8 1000
1 8 1000
1 8 1000
1 8 1000
1 8 1000
1 8 1000
1 8 1000
1 8 1000
3 4
3 4 268
3 4 858
2 4 829
6 5
3 3 465
4 3 737
3 4 524
3 3 537
4 4 957
3 3 41
2 6
4 1 230
3 3 427
7 4
4 4 1000
4 4 1000
4 4 1000
4 4 1000
4 4 1000
4 4 1000
4 4 1000
2 4
2 1 980
4 4 271
1 4
2 4 146
5 6
5 5 683
5 5 3
4 6 150
5 4 877
6 4 150
6 1
1 1 978
1 1 840
1 1 304
1 1 383
1 1 861
1 1 894
