500
454 2 548
836 2 493
620 2 620
820 1 410
119 2 657
6 1 128
779 1 849
392 1 392
597 1 97
661 2 100
278 1 953
901 1 901
702 2 39
907 1 54
2 2 2
1000 2 2
591 2 967
782 1 391
274 2 17
134 1 422
792 1 264
432 1 432
644 2 644
696 2 845
991 2 2
150 1 295
493 1 579
911 2 561
382 2 564
4 2 1
4 2 997
569 2 67
22 1 977
516 2 516
909 1 909
326 1 945
44 1 107
764 2 817
15 1 1
15 2 2
867 1 867
740 1 185
459 2 605
815 2 815
713 2 713
65 1 628
785 2 907
2 2 997
591 1 432
901 2 901
807 2 261
4 2 2
637 2 147
525 1 525
971 2 595
507 1 507
896 2 384
153 2 521
730 2 146
170 2 656
681 2 681
870 2 932
403 2 403
661 2 993
149 1 267
403 2 416
752 2 752
47 2 499
345 2 588
432 1 4
1000 2 1
770 2 770
438 1 977
7 2 986
331 1 731
605 2 711
474 2 204
95 1 836
179 2 348
463 2 488
990 2 261
59 1 922
869 1 979
754 2 377
1000 2 997
2 2 1
766 2 251
821 2 586
1 2 1000
131 2 592
107 2 366
991 2 997
974 1 487
517 2 252
9 1 134
530 2 572
670 2 584
553 2 104
2 2 970
96 2 381
72 1 470
928 1 988
137 1 882
912 1 152
518 2 15
425 1 326
122 2 333
912 1 760
898 1 449
572 2 286
944 1 236
3 1 2
978 1 978
343 2 947
643 1 643
962 1 962
810 2 583
866 1 433
3 2 997
987 1 987
946 2 430
836 2 191
933 1 933
845 2 722
3 1 81
3 1 972
558 1 279
990 2 309
8 1 888
999 1 999
267 2 279
897 2 909
489 1 461
1000 1 1000
260 2 305
934 1 250
172 2 140
38 1 184
396 2 767
849 2 849
203 2 585
920 1 688
560 1 102
784 1 784
84 2 274
666 2 111
908 2 908
857 2 515
1000 2 1000
679 2 671
460 2 805
637 2 909
844 2 422
209 1 755
352 1 624
749 1 676
461 1 124
522 2 522
546 2 546
72 2 415
76 1 231
904 1 904
790 2 852
997 2 1000
766 1 766
797 2 587
574 2 334
965 2 719
605 2 605
2 1 2
564 2 532
559 2 637
459 2 921
82 2 729
508 1 508
859 2 152
362 2 628
1000 1 2
667 1 667
930 2 575
924 1 462
501 2 501
672 1 24
192 2 251
546 2 182
755 2 808
572 2 784
960 1 298
672 2 554
863 2 863
598 1 598
677 2 677
15 2 605
774 2 639
409 2 409
3 2 2
748 2 644
582 2 523
1 1 1
269 2 700
379 1 379
135 1 272
712 2 356
54 2 54
884 1 221
280 2 163
580 2 145
517 1 517
15 1 1000
4 1 1
969 2 78
961 2 757
708 2 654
957 1 797
302 2 503
216 2 845
997 2 997
369 2 939
687 2 245
905 1 648
889 2 61
229 1 106
764 2 918
413 1 186
579 2 696
682 2 866
2 1 8
426 2 45
15 1 997
2 1 1
475 1 475
980 2 490
86 2 936
6 2 257
155 2 594
516 2 258
952 2 952
909 2 209
3 2 1
692 1 646
26 2 969
519 2 415
200 1 348
289 2 827
745 1 6
113 1 17
236 2 208
361 2 676
236 2 236
821 1 564
886 1 443
618 1 206
68 2 453
1 1 997
953 2 953
146 2 434
928 1 433
860 2 583
944 2 253
495 1 808
587 1 341
565 2 29
15 1 2
137 1 565
15 2 1
630 1 202
3 1 997
159 2 806
28 2 586
920 2 691
4 1 2
897 1 897
264 2 264
815 1 733
317 1 317
683 2 464
609 2 648
544 2 68
503 2 298
3 2 1000
308 2 5
986 2 986
15 2 1000
8 1 232
678 2 859
635 2 922
482 1 241
602 1 712
910 2 910
923 2 84
309 1 825
1 2 997
800 2 521
705 2 705
394 2 394
647 2 647
719 1 719
284 2 482
795 2 795
979 2 661
632 1 79
237 2 253
3 2 974
879 2 511
1 2 2
66 1 359
648 1 648
15 2 997
314 2 962
931 2 215
2 2 97
640 1 64
551 2 472
538 2 8
409 2 166
419 2 610
728 2 650
85 2 192
168 2 28
249 2 854
356 2 931
566 2 627
22 1 216
435 2 488
511 2 981
361 2 525
587 2 587
653 2 634
469 2 264
559 2 786
866 2 231
85 2 108
725 2 725
28 2 359
735 1 735
345 1 115
786 2 131
930 2 162
1 1 2
870 2 732
471 2 285
991 2 1000
998 2 294
3 1 1000
2 1 997
704 2 176
710 2 302
2 1 1000
18 2 387
6 1 896
366 2 604
1000 1 997
919 2 760
984 2 604
223 1 400
405 2 242
893 1 67
689 2 689
359 1 178
681 2 734
707 2 138
800 2 322
168 2 40
83 2 313
253 1 33
104 2 62
767 2 253
436 2 69
121 1 121
730 2 146
461 2 3
799 1 799
773 2 93
883 2 292
786 1 68
720 2 180
729 2 292
159 2 310
428 2 839
742 2 301
3 2 487
355 2 388
555 2 350
656 2 321
826 2 294
210 1 210
838 2 838
6 2 514
519 2 519
658 2 308
727 1 727
216 2 941
612 1 612
164 2 579
477 2 905
352 2 45
1 1 1000
2 2 1000
633 2 693
945 2 945
504 2 868
714 2 523
930 1 329
775 1 69
490 2 636
101 2 456
687 2 421
916 2 916
991 2 627
190 2 38
528 2 48
336 2 336
342 2 541
640 2 640
996 2 405
352 2 352
571 2 694
4 1 997
991 2 1
700 1 897
4 2 1000
871 2 930
755 1 12
383 2 57
1 2 1
260 2 670
332 2 965
694 2 67
950 1 435
3 1 1
618 2 519
632 1 79
330 2 953
964 1 375
946 1 946
87 1 101
60 2 855
521 1 521
900 2 20
536 1 566
200 2 28
138 2 485
788 2 788
715 1 640
207 2 207
4 1 1000
566 1 566
515 2 515
431 2 623
990 2 710
169 2 847
188 1 177
917 1 131
426 1 426
448 2 448
51 2 365
53 2 977
312 1 92
15 1 829
736 1 877
993 2 345
397 2 34
843 1 843
438 2 72
900 2 778
639 2 6
997 2 2
187 2 275
4 1 512
558 2 203
869 1 79
913 1 83
426 1 726
811 1 811
2 2 512
997 2 1
685 2 685
944 2 726
153 2 153
850 2 850
663 1 228
974 2 974
650 2 993
71 2 33
873 1 853
153 2 195
325 1 70
686 2 900
1000 1 1
589 1 589
65 2 978
22 2 543
420 2 862
444 1 614
83 2 746
310 1 856
325 2 651
958 2 287
6 2 771
117 2 297
